 iopt=[  2  1  0  4  0  1  1  0  0  0  0  0  1  1  0  0  0  0  0  1  0  0  0  0  0  0  0  0  0  1];
nparm=   3; % number of parameters
nppd=  50; % number of values/parm 
 f_min( 1)=   0.165000E+01;
 f_max( 1)=   0.180000E+01;
par2phy( 1)=  9;
 f_min( 2)=   0.460000E+02;
 f_max( 2)=   0.510000E+02;
par2phy( 2)=  8;
 f_min( 3)=   0.104000E+03;
 f_max( 3)=   0.108000E+03;
par2phy( 3)=  1;
ppd=[
  0.532615E-01  0.179487E-04   0.00000    
  0.647462E-01  0.230769E-04   0.00000    
  0.670282E-01   0.00000      0.615385E-04
  0.722231E-01  0.194872E-03  0.128205E-04
  0.795872E-01  0.315385E-03  0.328205E-03
  0.878538E-01  0.128205E-03  0.104872E-02
  0.886436E-01  0.484615E-03  0.400769E-02
  0.741385E-01  0.802564E-03  0.669744E-02
  0.576692E-01  0.175385E-02  0.168487E-01
  0.661667E-01  0.257436E-02  0.276769E-01
  0.608333E-01  0.289744E-02  0.377795E-01
  0.497077E-01  0.687436E-02  0.452026E-01
  0.467795E-01  0.643846E-02  0.564641E-01
  0.325513E-01  0.123744E-01  0.587462E-01
  0.258308E-01  0.157231E-01  0.722538E-01
  0.191692E-01  0.261462E-01  0.602795E-01
  0.160564E-01  0.315718E-01  0.721051E-01
  0.100564E-01  0.391462E-01  0.717333E-01
  0.725128E-02  0.450667E-01  0.605795E-01
  0.670769E-02  0.505231E-01  0.555128E-01
  0.489744E-02  0.580231E-01  0.525077E-01
  0.288974E-02  0.666487E-01  0.441846E-01
  0.187692E-02  0.654897E-01  0.441231E-01
  0.145641E-02  0.814308E-01  0.426436E-01
  0.692308E-03  0.782154E-01  0.312359E-01
  0.658974E-03  0.628436E-01  0.284000E-01
  0.366667E-03  0.699436E-01  0.277179E-01
  0.135897E-03  0.655538E-01  0.177128E-01
  0.307692E-03  0.529282E-01  0.135718E-01
  0.223077E-03  0.434103E-01  0.122615E-01
  0.135897E-03  0.374564E-01  0.921026E-02
  0.333333E-04  0.252615E-01  0.726154E-02
  0.461538E-04  0.202308E-01  0.664359E-02
   0.00000      0.892308E-02  0.323846E-02
  0.179487E-04  0.754359E-02  0.409744E-02
   0.00000      0.588205E-02  0.228974E-02
   0.00000      0.275128E-02  0.117436E-02
   0.00000      0.214103E-02  0.787180E-03
   0.00000      0.910256E-03  0.129744E-02
   0.00000      0.489744E-03  0.535897E-03
   0.00000      0.487179E-03  0.502564E-03
   0.00000      0.156410E-03  0.371795E-03
   0.00000      0.156410E-03  0.264103E-03
   0.00000      0.435897E-04  0.358974E-04
   0.00000      0.512820E-05  0.228205E-03
   0.00000      0.512820E-05  0.212821E-03
   0.00000      0.128205E-04  0.820513E-04
   0.00000       0.00000      0.128205E-04
   0.00000       0.00000      0.205128E-04
   0.00000       0.00000      0.358974E-04
];
x=[
   1651.53       46.0510       104.041    
   1654.59       46.1531       104.122    
   1657.65       46.2551       104.204    
   1660.71       46.3571       104.286    
   1663.78       46.4592       104.367    
   1666.84       46.5612       104.449    
   1669.90       46.6633       104.531    
   1672.96       46.7653       104.612    
   1676.02       46.8673       104.694    
   1679.08       46.9694       104.776    
   1682.14       47.0714       104.857    
   1685.20       47.1735       104.939    
   1688.27       47.2755       105.020    
   1691.33       47.3776       105.102    
   1694.39       47.4796       105.184    
   1697.45       47.5816       105.265    
   1700.51       47.6837       105.347    
   1703.57       47.7857       105.429    
   1706.63       47.8878       105.510    
   1709.69       47.9898       105.592    
   1712.76       48.0918       105.673    
   1715.82       48.1939       105.755    
   1718.88       48.2959       105.837    
   1721.94       48.3980       105.918    
   1725.00       48.5000       106.000    
   1728.06       48.6020       106.082    
   1731.12       48.7041       106.163    
   1734.18       48.8061       106.245    
   1737.24       48.9082       106.327    
   1740.31       49.0102       106.408    
   1743.37       49.1122       106.490    
   1746.43       49.2143       106.571    
   1749.49       49.3163       106.653    
   1752.55       49.4184       106.735    
   1755.61       49.5204       106.816    
   1758.67       49.6224       106.898    
   1761.73       49.7245       106.980    
   1764.80       49.8265       107.061    
   1767.86       49.9286       107.143    
   1770.92       50.0306       107.224    
   1773.98       50.1327       107.306    
   1777.04       50.2347       107.388    
   1780.10       50.3367       107.469    
   1783.16       50.4388       107.551    
   1786.22       50.5408       107.633    
   1789.29       50.6429       107.714    
   1792.35       50.7449       107.796    
   1795.41       50.8469       107.878    
   1798.47       50.9490       107.959    
   1801.53       51.0510       108.041    
];
par2phy(  1)=   9;
par2phy(  2)=   8;
par2phy(  3)=   1;
