 iopt=[  2  1  0  0  0  0  1  0  0  3  0  0  1  1  0  0  1  0  1  1  0  0  0  0  0  0  0  1  0  1];
 freq=[
       195.0000
       295.0000
       395.0000
 ];
nplots=    9;
nphone=   15;
 plaxis(:,  1)=[       0.000000       0.140000      16.000000       0.000000]';
 plaxis(:,  2)=[    -400.000000     200.000000      16.000000       0.000000]';
 plaxis(:,  3)=[       0.000000       0.180000      16.000000       0.000000]';
 plaxis(:,  4)=[       0.000000       0.140000      16.000000       0.000000]';
 plaxis(:,  5)=[    -500.000000       0.000000      16.000000       0.000000]';
 plaxis(:,  6)=[       0.000000       0.200000      16.000000       0.000000]';
 plaxis(:,  7)=[       0.000000       0.180000      16.000000       0.000000]';
 plaxis(:,  8)=[    -400.000000     400.000000      16.000000       0.000000]';
 plaxis(:,  9)=[       0.000000       0.300000      16.000000       0.000000]';
   npdpsamp( 1)=       128;
 nparm=  13;
 f_min( 1)=   0.165000E+01;
 f_max( 1)=   0.180000E+01;
par2phy( 1)=  9;
   npdpsamp( 2)=       128;
 f_min( 2)=   0.460000E+02;
 f_max( 2)=   0.510000E+02;
par2phy( 2)=  8;
   npdpsamp( 3)=       128;
 f_min( 3)=   0.104000E+03;
 f_max( 3)=   0.108000E+03;
par2phy( 3)=  1;
   npdpsamp( 4)=       128;
 f_min( 4)=   0.500000E+00;
 f_max( 4)=   0.200000E+01;
par2phy( 4)= 21;
   npdpsamp( 5)=       128;
 f_min( 5)=  -0.700000E+01;
 f_max( 5)=  -0.500000E+01;
par2phy( 5)= 21;
   npdpsamp( 6)=       128;
 f_min( 6)=   0.155000E+04;
 f_max( 6)=   0.165000E+04;
par2phy( 6)= 11;
   npdpsamp( 7)=       128;
 f_min( 7)=   0.100000E+02;
 f_max( 7)=   0.200000E+03;
par2phy( 7)= 11;
   npdpsamp( 8)=       128;
 f_min( 8)=   0.100000E+01;
 f_max( 8)=   0.200000E+02;
par2phy( 8)= 17;
   npdpsamp( 9)=       128;
 f_min( 9)=   0.100000E-01;
 f_max( 9)=   0.500000E+00;
par2phy( 9)=  4;
   npdpsamp(10)=       128;
 f_min(10)=   0.130000E+01;
 f_max(10)=   0.220000E+01;
par2phy(10)=  6;
   npdpsamp(11)=       128;
 f_min(11)=   0.500000E+01;
 f_max(11)=   0.100000E+02;
par2phy(11)= 11;
   npdpsamp(12)=       128;
 f_min(12)=  -0.500000E+01;
 f_max(12)=   0.000000E+00;
par2phy(12)= 11;
   npdpsamp(13)=       128;
 f_min(13)=  -0.300000E+01;
 f_max(13)=   0.300000E+01;
par2phy(13)= 11;
  res=[ 
       1707.874       1716.912          0.110
         48.165         48.334          0.045
        105.102        105.546          0.140
          1.303          1.307          0.055
         -5.913         -5.920          0.038
       1587.008       1589.780          0.057
         29.449         35.919          0.120
         10.575         10.730          0.140
          0.106          0.215          0.203
          1.718          1.674          0.221
          7.520          7.270          0.148
         -1.496         -1.510          0.114
         -1.630         -1.320          0.124
  ]; 
  bestfit=  0.1581945     ;
