 iopt=[  2  1  0  0  0  0  1  0  0  1  0  0  1  1  0  0  1  0  1  1  0  0  0  0  0  0  0  0  0  1];
 freq=[
       104.0000
       164.0000
       208.0000
       248.0000
       312.0000
       412.0000
       468.0000
       512.0000
       720.0000
       804.0000
 ];
nplots=   10;
nphone=    4;
 plaxis(:,  1)=[       0.000000       0.400000      22.000000       6.000000]';
 plaxis(:,  2)=[       0.000000       0.500000      22.000000       6.000000]';
 plaxis(:,  3)=[       0.000000       0.600000      22.000000       6.000000]';
 plaxis(:,  4)=[       0.100000       0.500000      22.000000       6.000000]';
 plaxis(:,  5)=[       0.180000       0.360000      22.000000       6.000000]';
 plaxis(:,  6)=[       0.000000       0.500000      22.000000       6.000000]';
 plaxis(:,  7)=[       0.100000       0.400000      22.000000       6.000000]';
 plaxis(:,  8)=[       0.100000       0.500000      22.000000       6.000000]';
 plaxis(:,  9)=[       0.000000       0.600000      22.000000       6.000000]';
 plaxis(:, 10)=[       0.100000       0.500000      22.000000       6.000000]';
   npdpsamp( 1)=        16;
 nparm=  20;
 f_min( 1)=   0.230000E+02;
 f_max( 1)=   0.260000E+02;
par2phy( 1)=  1;
   npdpsamp( 2)=       512;
 f_min( 2)=   0.300000E+00;
 f_max( 2)=   0.100000E+01;
par2phy( 2)=  9;
   npdpsamp( 3)=        64;
 f_min( 3)=   0.100000E+01;
 f_max( 3)=   0.230000E+02;
par2phy( 3)=  8;
   npdpsamp( 4)=       512;
 f_min( 4)=  -0.100000E+02;
 f_max( 4)=   0.100000E+02;
par2phy( 4)= 25;
   npdpsamp( 5)=       512;
 f_min( 5)=  -0.100000E+02;
 f_max( 5)=   0.100000E+02;
par2phy( 5)= 25;
   npdpsamp( 6)=       512;
 f_min( 6)=  -0.100000E+02;
 f_max( 6)=   0.100000E+02;
par2phy( 6)= 25;
   npdpsamp( 7)=        64;
 f_min( 7)=   0.100000E+01;
 f_max( 7)=   0.300000E+01;
par2phy( 7)=  6;
   npdpsamp( 8)=        64;
 f_min( 8)=   0.100000E+01;
 f_max( 8)=   0.300000E+01;
par2phy( 8)= 14;
   npdpsamp( 9)=        64;
 f_min( 9)=   0.100000E+00;
 f_max( 9)=   0.110000E+01;
par2phy( 9)=  4;
   npdpsamp(10)=        64;
 f_min(10)=   0.100000E+00;
 f_max(10)=   0.110000E+01;
par2phy(10)=  4;
   npdpsamp(11)=       256;
 f_min(11)=   0.150000E+04;
 f_max(11)=   0.200000E+04;
par2phy(11)= 11;
   npdpsamp(12)=       256;
 f_min(12)=   0.000000E+00;
 f_max(12)=   0.100000E+04;
par2phy(12)= 11;
   npdpsamp(13)=       256;
 f_min(13)=   0.000000E+00;
 f_max(13)=   0.100000E+04;
par2phy(13)= 11;
   npdpsamp(14)=        64;
 f_min(14)=   0.000000E+00;
 f_max(14)=   0.100000E+04;
par2phy(14)= 11;
   npdpsamp(15)=        64;
 f_min(15)=   0.000000E+00;
 f_max(15)=   0.100000E+04;
par2phy(15)= 11;
   npdpsamp(16)=       128;
 f_min(16)=   0.103466E+05;
 f_max(16)=   0.103644E+05;
par2phy(16)= 11;
   npdpsamp(17)=        64;
 f_min(17)=  -0.242042E+01;
 f_max(17)=   0.467334E+01;
par2phy(17)= 11;
   npdpsamp(18)=        64;
 f_min(18)=  -0.267965E+01;
 f_max(18)=   0.119665E+01;
par2phy(18)= 11;
   npdpsamp(19)=        64;
 f_min(19)=  -0.106028E+01;
 f_max(19)=   0.537769E+00;
par2phy(19)= 11;
   npdpsamp(20)=        64;
 f_min(20)=  -0.407903E+00;
 f_max(20)=   0.541466E+00;
par2phy(20)= 11;
  res=[ 
         24.000         24.328          0.255
        706.849        724.489          0.065
         19.857         20.015          0.024
         -0.059          0.037          0.005
         -0.176         -0.042          0.005
         -1.076         -0.969          0.006
          1.762          1.885          0.044
          2.968          2.318          0.298
          1.052          1.003          0.088
          0.894          0.702          0.229
       1576.471       1623.103          0.051
        360.784        190.187          0.105
        976.471        644.797          0.247
        301.587        631.597          0.286
        396.825        326.103          0.289
      10357.221      10355.872          0.216
          2.309          0.938          0.284
          0.212         -0.731          0.222
          0.030         -0.250          0.342
          0.451          0.169          0.241
  ]; 
  bestfit=  8.6941294E-02 ;
