 iopt=[  2  3  0  0  4  0  1  0  0  1  0  1  0  1  0  0  1  0  1  0  1  0  0  0  0  0  0  0  0  6];
 freq=[
      1000.0000
 ];
nplots=    1;
nphone=   50;
 plaxis(:,  1)=[       0.000000       0.040000     100.000000       0.000000]';
   npdpsamp( 1)=       128;
 nparm=   3;
 f_min( 1)=   0.100000E+01;
 f_max( 1)=   0.100000E+03;
par2phy( 1)= 11;
   npdpsamp( 2)=       128;
 f_min( 2)=   0.100000E+01;
 f_max( 2)=   0.400000E+03;
par2phy( 2)= 11;
   npdpsamp( 3)=       128;
 f_min( 3)=   0.100000E+01;
 f_max( 3)=   0.100000E+03;
par2phy( 3)= 11;
  res=[ 
         49.331         49.689          0.015
        249.197        253.674          0.029
         50.110         47.242          0.081
  ]; 
  bestfit=  6.6565130E-15 ;
vel=[
       1.000     339.118
       2.000     339.236
       3.000     339.354
       4.000     339.472
       5.000     339.590
       6.000     339.708
       7.000     339.826
       8.000     339.944
       9.000     340.062
      10.000     340.180
      11.000     340.298
      12.000     340.416
      13.000     340.534
      14.000     340.652
      15.000     340.770
      16.000     340.888
      17.000     341.006
      18.000     341.124
      19.000     341.242
      20.000     341.360
      21.000     341.478
      22.000     341.596
      23.000     341.714
      24.000     341.832
      25.000     341.950
      26.000     342.068
      27.000     342.186
      28.000     342.304
      29.000     342.422
      30.000     342.540
      31.000     342.658
      32.000     342.776
      33.000     342.894
      34.000     343.012
      35.000     343.130
      36.000     343.248
      37.000     343.366
      38.000     343.484
      39.000     343.602
      40.000     343.720
      41.000     343.838
      42.000     343.956
      43.000     344.074
      44.000     344.192
      45.000     344.310
      46.000     344.428
      47.000     344.546
      48.000     344.664
      49.000     344.782
      50.000     344.900
      51.000     345.018
      52.000     345.136
      53.000     345.254
      54.000     345.372
      55.000     345.490
      56.000     345.608
      57.000     345.726
      58.000     345.844
      59.000     345.962
      60.000     346.080
      61.000     346.198
      62.000     346.316
      63.000     346.434
      64.000     346.552
      65.000     346.670
      66.000     346.788
      67.000     346.906
      68.000     347.024
      69.000     347.142
      70.000     347.260
      71.000     347.378
      72.000     347.496
      73.000     347.614
      74.000     347.732
      75.000     347.850
      76.000     347.968
      77.000     348.086
      78.000     348.204
      79.000     348.322
      80.000     348.440
      81.000     348.558
      82.000     348.676
      83.000     348.794
      84.000     348.912
      85.000     349.030
      86.000     349.148
      87.000     349.266
      88.000     349.384
      89.000     349.502
      90.000     349.620
      91.000     349.738
      92.000     349.856
      93.000     349.974
      94.000     350.092
      95.000     350.210
      96.000     350.328
      97.000     350.446
      98.000     350.564
      99.000     350.682
     100.000     350.800
     101.000     350.918
     102.000     351.036
     103.000     351.154
     104.000     351.272
     105.000     351.390
     106.000     351.508
     107.000     351.626
     108.000     351.744
     109.000     351.862
     110.000     351.980
     111.000     352.098
     112.000     352.216
     113.000     352.334
     114.000     352.452
     115.000     352.570
     116.000     352.688
     117.000     352.806
     118.000     352.924
     119.000     353.042
     120.000     353.160
     121.000     353.278
     122.000     353.396
     123.000     353.514
     124.000     353.632
     125.000     353.750
     126.000     353.868
     127.000     353.986
     128.000     354.104
     129.000     354.222
     130.000     354.340
     131.000     354.458
     132.000     354.576
     133.000     354.694
     134.000     354.812
     135.000     354.930
     136.000     355.048
     137.000     355.166
     138.000     355.284
     139.000     355.402
     140.000     355.520
     141.000     355.638
     142.000     355.756
     143.000     355.874
     144.000     355.992
     145.000     356.110
     146.000     356.228
     147.000     356.346
     148.000     356.464
     149.000     356.582
     150.000     356.700
     151.000     356.818
     152.000     356.936
     153.000     357.054
     154.000     357.172
     155.000     357.290
     156.000     357.408
     157.000     357.526
     158.000     357.644
     159.000     357.762
     160.000     357.880
     161.000     357.998
     162.000     358.116
     163.000     358.234
     164.000     358.352
     165.000     358.470
     166.000     358.588
     167.000     358.706
     168.000     358.824
     169.000     358.942
     170.000     359.060
     171.000     359.178
     172.000     359.296
     173.000     359.414
     174.000     359.532
     175.000     359.650
     176.000     359.768
     177.000     359.886
     178.000     360.004
     179.000     360.122
     180.000     360.240
     181.000     360.358
     182.000     360.476
     183.000     360.594
     184.000     360.712
     185.000     360.830
     186.000     360.948
     187.000     361.066
     188.000     361.184
     189.000     361.302
     190.000     361.420
     191.000     361.538
     192.000     361.656
     193.000     361.774
     194.000     361.892
     195.000     362.010
     196.000     362.128
     197.000     362.246
     198.000     362.364
     199.000     362.482
     200.000     362.600
     201.000     362.718
     202.000     362.836
     203.000     362.954
     204.000     363.072
     205.000     363.190
     206.000     363.308
     207.000     363.426
     208.000     363.544
     209.000     363.662
     210.000     363.780
     211.000     363.898
     212.000     364.016
     213.000     364.134
     214.000     364.252
     215.000     364.370
     216.000     364.488
     217.000     364.606
     218.000     364.724
     219.000     364.842
     220.000     364.960
     221.000     365.078
     222.000     365.196
     223.000     365.314
     224.000     365.432
     225.000     365.550
     226.000     365.668
     227.000     365.786
     228.000     365.904
     229.000     366.022
     230.000     366.140
     231.000     366.258
     232.000     366.376
     233.000     366.494
     234.000     366.612
     235.000     366.730
     236.000     366.848
     237.000     366.966
     238.000     367.084
     239.000     367.202
     240.000     367.320
     241.000     367.438
     242.000     367.556
     243.000     367.674
     244.000     367.792
     245.000     367.910
     246.000     368.028
     247.000     368.146
     248.000     368.264
     249.000     368.382
     250.000     367.615
     251.000     366.630
     252.000     365.646
     253.000     364.661
     254.000     363.677
     255.000     362.692
     256.000     361.708
     257.000     360.723
     258.000     359.739
     259.000     358.755
     260.000     357.770
     261.000     356.786
     262.000     355.801
     263.000     354.817
     264.000     353.832
     265.000     352.848
     266.000     351.863
     267.000     350.879
     268.000     349.895
     269.000     348.910
     270.000     347.926
     271.000     346.941
     272.000     345.957
     273.000     344.972
     274.000     343.988
     275.000     343.003
     276.000     342.019
     277.000     341.035
     278.000     340.050
     279.000     339.066
     280.000     338.081
     281.000     337.097
     282.000     336.112
     283.000     335.128
     284.000     334.143
     285.000     333.159
     286.000     332.175
     287.000     331.190
     288.000     330.206
     289.000     329.221
     290.000     328.237
