 iopt=[  2  3  5  0  4  0  1  1  0  0  0  1  0  1  0  0  1  0  0  0  0  0  0  0  1  0  0  0  0  6  0  0  0  0  0  0  0  0  0  0
];
 nplot_c= 1;
 npx( 1)=   50;
 npy( 1)=   50;
 yp( 1,:)='linspace(       1.000000,     400.000000,  50)';
 xp( 1,:)='linspace(       1.000000,     100.000000,  50)';
 ncx( 1)=   17;
title_x( 1,:)='Shape coefficient                       ';
 ncy( 1)=   17;
title_y( 1,:)='Shape coefficient                       ';
