 iopt=[ 2 1 0 0 0 0 1 0 0 0 0 1 1 0 0 0 1 0 1 0 0 0 0 0 0 0 0 0 0 2];
nplots=0;
 npdpsamp= 128;
 nparm=   7;
