nplots=   16;
nphone=  232;
 plaxis(:,  1)=[       0.000000      18.000000      90.000000      40.000000]';
 plaxis(:,  2)=[       0.000000      18.000000     100.000000      40.000000]';
 plaxis(:,  3)=[       0.000000      18.000000     100.000000      40.000000]';
 plaxis(:,  4)=[       0.000000      18.000000      90.000000      40.000000]';
 plaxis(:,  5)=[       0.000000      18.000000     100.000000      40.000000]';
 plaxis(:,  6)=[       0.000000      18.000000     100.000000      40.000000]';
 plaxis(:,  7)=[       0.000000      18.000000      90.000000      30.000000]';
 plaxis(:,  8)=[       0.000000      18.000000     100.000000      40.000000]';
 plaxis(:,  9)=[       0.000000      18.000000     100.000000      40.000000]';
 plaxis(:, 10)=[       0.000000      18.000000      90.000000      40.000000]';
 plaxis(:, 11)=[       0.000000      18.000000     100.000000      40.000000]';
 plaxis(:, 12)=[       0.000000      18.000000      90.000000      40.000000]';
 plaxis(:, 13)=[       0.000000      18.000000     100.000000      40.000000]';
 plaxis(:, 14)=[       0.000000      18.000000      90.000000      40.000000]';
 plaxis(:, 15)=[       0.000000      18.000000     100.000000      40.000000]';
 plaxis(:, 16)=[       0.000000      18.000000     100.000000      40.000000]';
   npdpsamp( 1)=       128;
 nparm=   6;
 f_min( 1)=   0.149000E+04;
 f_max( 1)=   0.155000E+04;
par2phy( 1)= 11;
   npdpsamp( 2)=       128;
 f_min( 2)=   0.200000E+02;
 f_max( 2)=   0.100000E+03;
par2phy( 2)= 11;
   npdpsamp( 3)=       128;
 f_min( 3)=   0.200000E+02;
 f_max( 3)=   0.500000E+02;
par2phy( 3)= 11;
   npdpsamp( 4)=       128;
 f_min( 4)=   0.200000E+02;
 f_max( 4)=   0.500000E+02;
par2phy( 4)= 11;
   npdpsamp( 5)=       128;
 f_min( 5)=   0.200000E+03;
 f_max( 5)=   0.500000E+03;
par2phy( 5)= 11;
   npdpsamp( 6)=       128;
 f_min( 6)=   0.500000E-01;
 f_max( 6)=   0.400000E+00;
par2phy( 6)= 11;
 iopt=[ 2 2 2 0 3 0 1 0 0 1 0 1 0 1 0 0 1 0 0 0 0 0 0 0 0 0 0 0 0 2];
