 iopt=[  2  2  0  0  0  0  1  0  0  1  0  1  0  1  0  0  0  0  1  0  1  0  0  0  0  0  0  0  0  6];
nplots=    1;
nphone=   83;
 plaxis(:,  1)=[      10.000000      60.000000       0.000000      40.000000]';
 unitplot=1;
 npdpsamp= 128;
 nparm=   1;
par2phy( 1)= 15;
 f_min( 1)=   0.500000E+02;
 f_max( 1)=   0.500001E+02;
  res=[ 
         50.000          0.045
  ]; 
  bestfit=    5.53810E-03;
vel=[
       0.400     329.041
       0.800     328.653
       1.200     328.453
       1.600     328.323
       2.000     328.241
       2.400     328.181
       2.800     328.136
       3.200     328.106
       3.600     328.085
       4.000     328.064
       4.400     328.060
       4.800     328.060
       5.200     327.946
       5.600     327.805
       6.000     327.664
       6.400     327.287
       6.800     326.840
       7.200     326.390
       7.600     326.057
       8.000     325.772
       8.400     325.488
       8.800     325.203
       9.200     324.918
       9.600     324.635
      10.000     324.383
      10.400     324.143
      10.800     323.904
      11.200     323.664
      11.600     323.425
      12.000     323.186
      12.400     322.946
      12.800     322.707
      13.200     322.467
      13.600     322.228
      14.000     321.988
      14.400     321.748
      14.800     321.506
      15.200     321.265
      15.600     321.024
      16.000     320.783
      16.400     320.544
      16.800     320.305
      17.200     320.067
      17.600     319.829
      18.000     319.590
      18.400     319.352
      18.800     319.114
      19.200     318.875
      19.600     318.635
      20.000     318.394
      20.400     318.153
      20.800     317.835
      21.200     317.508
      21.600     317.180
      22.000     316.853
      22.400     316.526
      22.800     316.199
      23.200     315.871
      23.600     315.545
      24.000     315.219
      24.400     314.893
      24.800     314.566
      25.200     314.240
      25.600     313.914
      26.000     313.588
      26.400     313.262
      26.800     312.935
      27.200     312.609
      27.600     312.308
      28.000     312.041
      28.400     311.775
      28.800     311.508
      29.200     311.241
      29.600     310.976
      30.000     310.710
      30.400     310.442
      30.800     310.174
      31.200     309.925
      31.600     309.727
      32.000     309.529
      32.400     309.331
      32.800     309.132
      33.200     308.934
      33.600     308.736
      34.000     308.538
      34.400     308.340
      34.800     308.141
      35.200     307.942
      35.600     307.743
      36.000     307.545
      36.400     307.382
      36.800     307.295
      37.200     307.208
      37.600     307.121
      38.000     307.034
      38.400     306.948
      38.800     306.861
      39.200     306.774
      39.600     306.687
      40.000     306.600
      40.400     306.513
      40.800     306.426
      41.200     306.339
      41.600     306.252
      42.000     306.166
      42.400     306.079
      42.800     305.954
      43.200     305.747
      43.600     305.541
      44.000     305.334
      44.400     305.128
      44.800     304.921
      45.200     304.715
      45.600     304.508
      46.000     304.302
      46.400     304.095
      46.800     303.889
      47.200     303.682
      47.600     303.476
      48.000     303.269
      48.400     303.063
      48.800     302.988
      49.200     302.937
      49.600     302.886
      50.000     302.835
      50.400     302.784
      50.800     302.733
      51.200     302.740
      51.600     302.767
      52.000     302.794
      52.400     302.821
      52.800     302.848
      53.200     302.875
      53.600     302.902
      54.000     302.929
      54.400     302.956
      54.800     302.983
      55.200     303.010
      55.600     303.037
      56.000     303.064
      56.400     303.114
      56.800     303.170
      57.200     303.226
      57.600     303.281
      58.000     303.337
      58.400     303.393
      58.800     303.449
      59.200     303.506
      59.600     303.562
      60.000     303.619
      60.400     303.676
      60.800     303.732
      61.200     303.789
      61.600     303.845
      62.000     303.902
      62.400     303.958
      62.800     304.015
      63.200     304.071
      63.600     304.128
      64.000     304.185
      64.400     304.241
      64.800     304.298
      65.200     304.354
      65.600     304.411
      66.000     304.468
      66.400     304.526
      66.800     304.583
      67.200     304.606
      67.600     304.568
      68.000     304.530
      68.400     304.492
      68.800     304.455
      69.200     304.417
      69.600     304.380
      70.000     304.342
      70.400     304.305
      70.800     304.268
      71.200     304.230
      71.600     304.193
      72.000     304.155
      72.400     304.118
      72.800     304.081
      73.200     304.044
      73.600     304.008
      74.000     303.971
      74.400     303.935
      74.800     303.915
      75.200     303.930
      75.600     303.945
      76.000     303.965
      76.400     303.986
      76.800     304.003
      77.200     304.020
      77.600     304.037
      78.000     304.055
      78.400     304.071
      78.800     304.087
      79.200     304.103
      79.600     304.121
      80.000     304.139
      80.400     304.158
      80.800     304.176
      81.200     304.195
      81.600     304.214
      82.000     304.232
      82.400     304.208
      82.800     304.083
      83.200     303.959
      83.600     303.834
      84.000     303.710
      84.400     303.585
      84.800     303.461
      85.200     303.336
      85.600     303.210
      86.000     303.084
      86.400     302.958
      86.800     302.832
      87.200     302.706
      87.600     302.581
      88.000     302.457
      88.400     302.398
      88.800     302.357
      89.200     302.316
      89.600     302.275
      90.000     302.234
      90.400     302.193
      90.800     302.204
      91.200     302.239
      91.600     302.275
      92.000     302.310
      92.400     302.345
      92.800     302.381
      93.200     302.416
      93.600     302.451
      94.000     302.486
      94.400     302.522
      94.800     302.557
      95.200     302.592
      95.600     302.640
      96.000     302.700
      96.400     302.762
      96.800     302.823
      97.200     302.884
      97.600     302.945
      98.000     303.006
      98.400     303.067
      98.800     303.129
      99.200     303.190
      99.600     303.251
     100.000     303.312
     100.400     303.373
     100.800     303.434
     101.200     303.495
     101.600     303.557
     102.000     303.618
     102.400     303.679
     102.800     303.740
     103.200     303.801
     103.600     303.862
     104.000     303.923
     104.400     303.985
     104.800     304.046
     105.200     304.107
     105.600     304.168
     106.000     304.229
     106.400     304.290
     106.800     304.354
     107.200     304.415
     107.600     304.476
     108.000     304.537
     108.400     304.598
     108.800     304.659
     109.200     304.720
     109.600     304.780
     110.000     304.841
     110.400     304.902
     110.800     304.963
     111.200     305.024
     111.600     305.085
     112.000     305.146
     112.400     305.207
     112.800     305.267
     113.200     305.328
     113.600     305.389
     114.000     305.450
     114.400     305.511
     114.800     305.571
     115.200     305.632
     115.600     305.688
     116.000     305.729
     116.400     305.769
     116.800     305.807
     117.200     305.843
     117.600     305.882
     118.000     305.920
     118.400     305.958
     118.800     305.996
     119.200     306.034
     119.600     306.074
     120.000     306.115
     120.400     306.153
     120.800     306.191
     121.200     306.229
