 iopt=[  2  3  0  0  5  0  1  0  0  1  0  1  0  1  0  0  0  0  0  0  1  0  0  0  0  0  0  0  0  7];
nplots=  128;
nphone=  117;
 plaxis(:,  1)=[     200.000000     800.000000     -70.000000     -30.000000]';
 plaxis(:,  2)=[     200.000000     800.000000     -80.000000     -30.000000]';
 plaxis(:,  3)=[     200.000000     800.000000     -80.000000     -40.000000]';
 plaxis(:,  4)=[     200.000000     800.000000     -70.000000     -40.000000]';
 plaxis(:,  5)=[     200.000000     800.000000     -70.000000     -40.000000]';
 plaxis(:,  6)=[     200.000000     800.000000     -70.000000     -40.000000]';
 plaxis(:,  7)=[     200.000000     800.000000     -80.000000     -40.000000]';
 plaxis(:,  8)=[     200.000000     800.000000     -70.000000     -40.000000]';
 plaxis(:,  9)=[     200.000000     800.000000     -80.000000     -40.000000]';
 plaxis(:, 10)=[     200.000000     800.000000     -80.000000     -30.000000]';
 plaxis(:, 11)=[     200.000000     800.000000     -70.000000     -40.000000]';
 plaxis(:, 12)=[     200.000000     800.000000     -80.000000     -40.000000]';
 plaxis(:, 13)=[     200.000000     800.000000     -80.000000     -40.000000]';
 plaxis(:, 14)=[     200.000000     800.000000     -70.000000     -40.000000]';
 plaxis(:, 15)=[     200.000000     800.000000     -80.000000     -40.000000]';
 plaxis(:, 16)=[     200.000000     800.000000     -80.000000     -40.000000]';
 plaxis(:, 17)=[     200.000000     800.000000     -80.000000     -40.000000]';
 plaxis(:, 18)=[     200.000000     800.000000     -80.000000     -40.000000]';
 plaxis(:, 19)=[     200.000000     800.000000     -80.000000     -40.000000]';
 plaxis(:, 20)=[     200.000000     800.000000     -80.000000     -40.000000]';
 plaxis(:, 21)=[     200.000000     800.000000     -80.000000     -40.000000]';
 plaxis(:, 22)=[     200.000000     800.000000     -80.000000     -40.000000]';
 plaxis(:, 23)=[     200.000000     800.000000     -80.000000     -40.000000]';
 plaxis(:, 24)=[     200.000000     800.000000     -80.000000     -40.000000]';
 plaxis(:, 25)=[     200.000000     800.000000     -80.000000     -40.000000]';
 plaxis(:, 26)=[     200.000000     800.000000     -80.000000     -40.000000]';
 plaxis(:, 27)=[     200.000000     800.000000     -70.000000     -40.000000]';
 plaxis(:, 28)=[     200.000000     800.000000     -80.000000     -40.000000]';
 plaxis(:, 29)=[     200.000000     800.000000     -80.000000     -40.000000]';
 plaxis(:, 30)=[     200.000000     800.000000     -70.000000     -40.000000]';
 plaxis(:, 31)=[     200.000000     800.000000     -80.000000     -40.000000]';
 plaxis(:, 32)=[     200.000000     800.000000     -70.000000     -40.000000]';
 plaxis(:, 33)=[     200.000000     800.000000     -80.000000     -40.000000]';
 plaxis(:, 34)=[     200.000000     800.000000     -70.000000     -40.000000]';
 plaxis(:, 35)=[     200.000000     800.000000     -80.000000     -40.000000]';
 plaxis(:, 36)=[     200.000000     800.000000     -90.000000     -40.000000]';
 plaxis(:, 37)=[     200.000000     800.000000     -80.000000     -40.000000]';
 plaxis(:, 38)=[     200.000000     800.000000     -80.000000     -40.000000]';
 plaxis(:, 39)=[     200.000000     800.000000     -80.000000     -40.000000]';
 plaxis(:, 40)=[     200.000000     800.000000     -70.000000     -40.000000]';
 plaxis(:, 41)=[     200.000000     800.000000     -80.000000     -40.000000]';
 plaxis(:, 42)=[     200.000000     800.000000     -90.000000     -40.000000]';
 plaxis(:, 43)=[     200.000000     800.000000     -80.000000     -40.000000]';
 plaxis(:, 44)=[     200.000000     800.000000     -90.000000     -40.000000]';
 plaxis(:, 45)=[     200.000000     800.000000     -90.000000     -40.000000]';
 plaxis(:, 46)=[     200.000000     800.000000     -80.000000     -40.000000]';
 plaxis(:, 47)=[     200.000000     800.000000     -80.000000     -40.000000]';
 plaxis(:, 48)=[     200.000000     800.000000     -80.000000     -40.000000]';
 plaxis(:, 49)=[     200.000000     800.000000     -70.000000     -40.000000]';
 plaxis(:, 50)=[     200.000000     800.000000     -70.000000     -40.000000]';
 plaxis(:, 51)=[     200.000000     800.000000     -80.000000     -40.000000]';
 plaxis(:, 52)=[     200.000000     800.000000     -80.000000     -40.000000]';
 plaxis(:, 53)=[     200.000000     800.000000     -80.000000     -40.000000]';
 plaxis(:, 54)=[     200.000000     800.000000    -100.000000     -40.000000]';
 plaxis(:, 55)=[     200.000000     800.000000     -80.000000     -40.000000]';
 plaxis(:, 56)=[     200.000000     800.000000     -80.000000     -40.000000]';
 plaxis(:, 57)=[     200.000000     800.000000     -70.000000     -40.000000]';
 plaxis(:, 58)=[     200.000000     800.000000     -80.000000     -40.000000]';
 plaxis(:, 59)=[     200.000000     800.000000     -70.000000     -40.000000]';
 plaxis(:, 60)=[     200.000000     800.000000     -80.000000     -40.000000]';
 plaxis(:, 61)=[     200.000000     800.000000     -80.000000     -40.000000]';
 plaxis(:, 62)=[     200.000000     800.000000     -80.000000     -40.000000]';
 plaxis(:, 63)=[     200.000000     800.000000     -80.000000     -40.000000]';
 plaxis(:, 64)=[     200.000000     800.000000     -80.000000     -40.000000]';
 plaxis(:, 65)=[     200.000000     800.000000     -80.000000     -40.000000]';
 plaxis(:, 66)=[     200.000000     800.000000     -80.000000     -40.000000]';
 plaxis(:, 67)=[     200.000000     800.000000     -80.000000     -40.000000]';
 plaxis(:, 68)=[     200.000000     800.000000     -80.000000     -40.000000]';
 plaxis(:, 69)=[     200.000000     800.000000     -80.000000     -40.000000]';
 plaxis(:, 70)=[     200.000000     800.000000     -90.000000     -40.000000]';
 plaxis(:, 71)=[     200.000000     800.000000     -80.000000     -40.000000]';
 plaxis(:, 72)=[     200.000000     800.000000     -80.000000     -40.000000]';
 plaxis(:, 73)=[     200.000000     800.000000     -90.000000     -40.000000]';
 plaxis(:, 74)=[     200.000000     800.000000     -90.000000     -40.000000]';
 plaxis(:, 75)=[     200.000000     800.000000     -80.000000     -40.000000]';
 plaxis(:, 76)=[     200.000000     800.000000     -80.000000     -40.000000]';
 plaxis(:, 77)=[     200.000000     800.000000     -90.000000     -40.000000]';
 plaxis(:, 78)=[     200.000000     800.000000     -80.000000     -40.000000]';
 plaxis(:, 79)=[     200.000000     800.000000     -80.000000     -40.000000]';
 plaxis(:, 80)=[     200.000000     800.000000     -80.000000     -40.000000]';
 plaxis(:, 81)=[     200.000000     800.000000     -90.000000     -40.000000]';
 plaxis(:, 82)=[     200.000000     800.000000     -90.000000     -40.000000]';
 plaxis(:, 83)=[     200.000000     800.000000     -70.000000     -40.000000]';
 plaxis(:, 84)=[     200.000000     800.000000     -80.000000     -40.000000]';
 plaxis(:, 85)=[     200.000000     800.000000     -80.000000     -40.000000]';
 plaxis(:, 86)=[     200.000000     800.000000     -80.000000     -40.000000]';
 plaxis(:, 87)=[     200.000000     800.000000     -80.000000     -40.000000]';
 plaxis(:, 88)=[     200.000000     800.000000     -80.000000     -40.000000]';
 plaxis(:, 89)=[     200.000000     800.000000     -80.000000     -40.000000]';
 plaxis(:, 90)=[     200.000000     800.000000     -80.000000     -40.000000]';
 plaxis(:, 91)=[     200.000000     800.000000     -80.000000     -40.000000]';
 plaxis(:, 92)=[     200.000000     800.000000     -80.000000     -40.000000]';
 plaxis(:, 93)=[     200.000000     800.000000     -80.000000     -40.000000]';
 plaxis(:, 94)=[     200.000000     800.000000     -90.000000     -40.000000]';
 plaxis(:, 95)=[     200.000000     800.000000     -80.000000     -40.000000]';
 plaxis(:, 96)=[     200.000000     800.000000     -80.000000     -40.000000]';
 plaxis(:, 97)=[     200.000000     800.000000     -80.000000     -40.000000]';
 plaxis(:, 98)=[     200.000000     800.000000     -80.000000     -40.000000]';
