 iopt=[  2  3  0  0  4  0  1  0  0  1  0  1  0  1  0  0  0  0  0  0  1  0  0  0  0  0  0  0  0  7];
