  %%%%%%%%%%%%%%% 
  fit=[ fit;   1.8868899E-04 ];
  res=[ res; [
       1552.362
        122.047
          0.150
          1.541
         18.433
        306.717
         56.118
        130.260
         54.669
          0.457
  ]];
  pointer=[ pointer; [
    11     1     1
    11     2     1
    11     3     1
    11     4     1
    17     1     1
     9     1     1
     8     1     1
     1     1     1
    15     1     1
    21     1     1
  ]];
  fitloc=[ fitloc;   1.8179859E-04 ];
  resloc=[ resloc; [
       1560.885
         62.610
          0.026
          1.479
         19.169
        306.704
         56.377
        130.350
         54.618
          0.689
  ]];
