 iopt=[ 0 3 0 0 4 0 1 0 0 1 0 1 0 1 0 0 1 0 1 0 1 0 0 0 0 0 0 0 0 6];
nplots=  3;
nphone= 50;
 plaxis(:,  1)=[       0.000000       0.040000     100.000000       0.000000]';
 plaxis(:,  2)=[    -400.000000       0.000000     100.000000       0.000000]';
 plaxis(:,  3)=[       0.000000       0.060000     100.000000       0.000000]';
   npdpsamp( 1)=      1024;
 nparm=   5;
 fmin( 1)=   0.500000E+02;
 fmax( 1)=   0.120000E+03;
par2phy( 1)=  9;
   npdpsamp( 2)=      1024;
 fmin( 2)=   0.100000E+01;
 fmax( 2)=   0.100000E+03;
par2phy( 2)=  6;
   npdpsamp( 3)=      1024;
 fmin( 3)=   0.100000E+01;
 fmax( 3)=   0.100000E+03;
par2phy( 3)= 11;
   npdpsamp( 4)=      1024;
 fmin( 4)=   0.100000E+01;
 fmax( 4)=   0.400000E+03;
par2phy( 4)= 11;
   npdpsamp( 5)=      1024;
 fmin( 5)=   0.100000E+01;
 fmax( 5)=   0.100000E+03;
par2phy( 5)= 11;
