  %%%%%%%%%%%%%%% 
  res=[ res; [
        299.409
         46.890
         61.378
        127.433
       1567.717
       1675.984
       1760.630
          7.778
          1.737
          1.535
         -0.189
         -0.480
  ]];
  pointer=[ pointer; [
     9     1     1
     8     1     1
    15     1     1
     1     1     1
     3     1     1
     3     2     1
    12     1     1
    17     1     1
    14     1     1
     6     1     1
     4     1     1
     4     2     1
  ]];
  %%%%%%%%%%%%%%% 
  res=[ res; [
        299.409
         46.890
         61.378
        127.433
       1567.717
       1675.984
       1760.630
          7.778
          1.737
          1.535
         -0.189
         -0.480
  ]];
  pointer=[ pointer; [
     9     1     1
     8     1     1
    15     1     1
     1     1     1
     3     1     1
     3     2     1
    12     1     1
    17     1     1
    14     1     1
     6     1     1
     4     1     1
     4     2     1
  ]];
