nplots=    1;
nphone=   64;
 plaxis(:,  1)=[       0.000400       0.000800       0.000000      20.000000]';
 unitplot=1;
 npdpsamp= 128;
 nparm=  11;
par2phy( 1)=  2;
 f_min( 1)=   0.150000E+04;
 f_max( 1)=   0.230000E+04;
 iopt=[ 1 1 5 0 0 0 1 0 0 1 0 0 0 0 0 0 0 0 1 0 1 0 0 0 1 0 0 2 0 3];
