 iopt=[  2  2  0  0  0  0  1  0  0  1  0  1  0  1  0  0  0  0  1  0  1  0  0  0  0  0  0  0  0  6];
nplots=    1;
nphone=   83;
 plaxis(:,  1)=[      10.000000      60.000000      20.000000      60.000000]';
   npdpsamp( 1)=       128;
 nparm=  10;
 f_min( 1)=   0.300000E+01;
 f_max( 1)=   0.300000E+03;
par2phy( 1)= 19;
   npdpsamp( 2)=       128;
 f_min( 2)=  -0.570000E+03;
 f_max( 2)=   0.570000E+03;
par2phy( 2)= 19;
   npdpsamp( 3)=       128;
 f_min( 3)=  -0.190000E+03;
 f_max( 3)=   0.190000E+03;
par2phy( 3)= 19;
   npdpsamp( 4)=       128;
 f_min( 4)=  -0.110000E+03;
 f_max( 4)=   0.110000E+03;
par2phy( 4)= 19;
   npdpsamp( 5)=       128;
 f_min( 5)=  -0.900000E+02;
 f_max( 5)=   0.800000E+02;
par2phy( 5)= 19;
   npdpsamp( 6)=       128;
 f_min( 6)=  -0.650000E+02;
 f_max( 6)=   0.650000E+02;
par2phy( 6)= 19;
   npdpsamp( 7)=       128;
 f_min( 7)=   0.100000E+01;
 f_max( 7)=   0.100000E+03;
par2phy( 7)= 15;
   npdpsamp( 8)=       128;
 f_min( 8)=   0.100000E+01;
 f_max( 8)=   0.100000E+03;
par2phy( 8)= 13;
   npdpsamp( 9)=       128;
 f_min( 9)=  -0.100000E+01;
 f_max( 9)=   0.400000E+00;
par2phy( 9)= 17;
   npdpsamp(10)=       128;
 f_min(10)=   0.000000E+00;
 f_max(10)=   0.400000E+02;
par2phy(10)= 17;
  res=[ 
         91.866          0.250
       -552.047          0.221
        184.016          0.294
         84.016          0.198
         37.165          0.300
        -35.315          0.296
          6.457          0.164
         61.024          0.205
         -0.239          0.076
         23.622          0.257
  ]; 
  bestfit=    2.02950E-02;
vel=[
       1.000     329.893
       2.000     329.787
       3.000     329.682
       4.000     329.576
       5.000     329.470
       6.000     329.364
       7.000     329.258
       8.000     329.152
       9.000     329.047
      10.000     328.941
      11.000     328.835
      12.000     328.729
      13.000     328.623
      14.000     328.518
      15.000     328.412
      16.000     328.306
      17.000     328.200
      18.000     328.094
      19.000     327.989
      20.000     327.883
      21.000     327.777
      22.000     327.671
      23.000     327.565
      24.000     327.460
      25.000     327.354
      26.000     327.248
      27.000     327.142
      28.000     327.036
      29.000     326.931
      30.000     326.825
      31.000     326.719
      32.000     326.613
      33.000     326.507
      34.000     326.402
      35.000     326.296
      36.000     326.190
      37.000     326.084
      38.000     325.978
      39.000     325.872
      40.000     325.767
      41.000     325.661
      42.000     325.555
      43.000     325.449
      44.000     325.343
      45.000     325.238
      46.000     325.132
      47.000     325.026
      48.000     324.920
      49.000     324.814
      50.000     324.709
      51.000     324.603
      52.000     324.497
      53.000     324.391
      54.000     324.285
      55.000     324.180
      56.000     324.074
      57.000     323.968
      58.000     323.862
      59.000     323.756
      60.000     323.651
      61.000     323.545
      62.000     323.661
      63.000     323.779
      64.000     323.897
      65.000     324.015
      66.000     324.133
      67.000     324.251
      68.000     324.369
      69.000     324.487
      70.000     324.605
      71.000     324.723
      72.000     324.841
      73.000     324.959
      74.000     325.077
      75.000     325.195
      76.000     325.313
      77.000     325.431
      78.000     325.549
      79.000     325.667
      80.000     325.785
      81.000     325.903
      82.000     326.021
      83.000     326.139
      84.000     326.257
      85.000     326.375
      86.000     326.493
      87.000     326.611
      88.000     326.729
      89.000     326.847
      90.000     326.965
      91.000     327.083
      92.000     327.201
      93.000     327.319
      94.000     327.437
      95.000     327.555
      96.000     327.673
      97.000     327.791
      98.000     327.909
      99.000     328.027
     100.000     328.145
     101.000     328.263
     102.000     328.381
     103.000     328.499
     104.000     328.617
     105.000     328.735
     106.000     328.853
     107.000     328.971
     108.000     329.089
     109.000     329.207
     110.000     329.325
     111.000     329.443
     112.000     329.561
     113.000     329.679
     114.000     329.797
     115.000     329.915
     116.000     330.033
     117.000     330.151
     118.000     330.269
     119.000     330.387
     120.000     330.505
     121.000     330.623
     122.000     330.741
     123.000     330.859
     124.000     330.977
     125.000     331.095
     126.000     331.213
     127.000     331.331
     128.000     331.449
     129.000     331.567
     130.000     331.685
     131.000     331.803
     132.000     331.921
     133.000     332.039
     134.000     332.157
     135.000     332.275
     136.000     332.393
     137.000     332.511
     138.000     332.629
     139.000     332.747
     140.000     332.865
     141.000     332.983
     142.000     333.101
     143.000     333.219
     144.000     333.337
     145.000     333.455
     146.000     333.573
     147.000     333.691
     148.000     333.809
     149.000     333.927
     150.000     334.045
     151.000     334.163
     152.000     334.281
     153.000     334.399
     154.000     334.517
     155.000     334.635
     156.000     334.753
     157.000     334.871
     158.000     334.989
     159.000     335.107
     160.000     335.225
     161.000     335.343
     162.000     335.461
     163.000     335.579
     164.000     335.697
     165.000     335.815
     166.000     335.933
     167.000     336.051
     168.000     336.169
     169.000     336.287
     170.000     336.405
     171.000     336.523
     172.000     336.641
     173.000     336.759
     174.000     336.877
     175.000     336.995
     176.000     337.113
     177.000     337.231
     178.000     337.349
     179.000     337.467
     180.000     337.585
     181.000     337.703
     182.000     337.821
     183.000     337.939
     184.000     338.057
     185.000     338.175
     186.000     338.293
     187.000     338.411
     188.000     338.529
     189.000     338.647
     190.000     338.765
     191.000     338.883
     192.000     339.001
     193.000     339.119
     194.000     339.237
     195.000     339.355
     196.000     339.473
     197.000     339.591
     198.000     339.709
     199.000     339.827
     200.000     339.945
     201.000     340.063
     202.000     340.181
     203.000     340.299
     204.000     340.417
     205.000     340.535
     206.000     340.653
     207.000     340.771
     208.000     340.889
     209.000     341.007
     210.000     341.125
     211.000     341.243
     212.000     341.361
     213.000     341.479
     214.000     341.597
     215.000     341.715
     216.000     341.833
     217.000     341.951
     218.000     342.069
     219.000     342.187
     220.000     342.305
     221.000     342.423
     222.000     342.541
     223.000     342.659
     224.000     342.777
     225.000     342.895
     226.000     343.013
     227.000     343.131
     228.000     343.249
     229.000     343.367
     230.000     343.485
     231.000     343.603
     232.000     343.721
     233.000     343.839
     234.000     343.957
     235.000     344.075
     236.000     344.193
     237.000     344.311
     238.000     344.429
     239.000     344.547
     240.000     344.665
     241.000     344.783
     242.000     344.901
     243.000     345.019
     244.000     345.137
     245.000     345.255
     246.000     345.373
     247.000     345.491
     248.000     345.609
     249.000     345.727
     250.000     345.845
     251.000     345.963
     252.000     346.081
     253.000     346.199
     254.000     346.317
     255.000     346.435
     256.000     346.553
