 iopt=[  2  2  0  0  0  0  1  0  0  1  0  1  0  1  0  0  0  0  1  0  1  0  0  0  0  0  0  0  0  6];
 freq=[
      2850.0000
 ];
nplots=    1;
nphone=   99;
 plaxis(:,  1)=[      10.000000      70.000000    -160.000000    -130.000000]';
   npdpsamp( 1)=       128;
 nparm=   4;
 f_min( 1)=   0.100000E+01;
 f_max( 1)=   0.100000E+03;
par2phy( 1)= 15;
   npdpsamp( 2)=       128;
 f_min( 2)=   0.100000E+01;
 f_max( 2)=   0.100000E+03;
par2phy( 2)= 13;
   npdpsamp( 3)=       128;
 f_min( 3)=  -0.100000E+01;
 f_max( 3)=   0.400000E+00;
par2phy( 3)= 17;
   npdpsamp( 4)=       128;
 f_min( 4)=   0.000000E+00;
 f_max( 4)=   0.400000E+02;
par2phy( 4)= 17;
  res=[ 
         56.346         53.991          0.273
         22.047         41.596          0.266
          0.113         -0.329          0.249
          2.835         15.191          0.303
  ]; 
  bestfit=  1.5177044E-04 ;
vel=[
       0.400     330.289
       0.800     330.087
       1.200     329.990
       1.600     329.937
       2.000     329.907
       2.400     329.892
       2.800     329.887
       3.200     329.890
       3.600     329.898
       4.000     329.912
       4.400     329.929
       4.800     329.949
       5.200     329.971
       5.600     329.996
       6.000     330.046
       6.400     330.091
       6.800     330.137
       7.200     330.182
       7.600     330.227
       8.000     330.273
       8.400     330.318
       8.800     330.363
       9.200     330.409
       9.600     330.454
      10.000     330.499
      10.400     330.545
      10.800     330.590
      11.200     330.635
      11.600     330.681
      12.000     330.726
      12.400     330.771
      12.800     330.817
      13.200     330.862
      13.600     330.908
      14.000     330.953
      14.400     330.998
      14.800     331.044
      15.200     331.089
      15.600     331.134
      16.000     331.180
      16.400     331.225
      16.800     331.270
      17.200     331.316
      17.600     331.361
      18.000     331.406
      18.400     331.452
      18.800     331.497
      19.200     331.543
      19.600     331.588
      20.000     331.633
      20.400     331.679
      20.800     331.724
      21.200     331.769
      21.600     331.815
      22.000     331.860
      22.400     331.905
      22.800     331.951
      23.200     331.996
      23.600     332.041
      24.000     332.087
      24.400     332.132
      24.800     332.177
      25.200     332.223
      25.600     332.268
      26.000     332.314
      26.400     332.359
      26.800     332.404
      27.200     332.450
      27.600     332.495
      28.000     332.540
      28.400     332.586
      28.800     332.631
      29.200     332.676
      29.600     332.722
      30.000     332.767
      30.400     332.812
      30.800     332.858
      31.200     332.903
      31.600     332.948
      32.000     332.994
      32.400     333.039
      32.800     333.085
      33.200     333.130
      33.600     333.175
      34.000     333.221
      34.400     333.266
      34.800     333.311
      35.200     333.357
      35.600     333.402
      36.000     333.447
      36.400     333.493
      36.800     333.538
      37.200     333.583
      37.600     333.629
      38.000     333.674
      38.400     333.720
      38.800     333.765
      39.200     333.810
      39.600     333.856
      40.000     333.901
      40.400     333.946
      40.800     333.992
      41.200     334.037
      41.600     334.082
      42.000     334.128
      42.400     334.173
      42.800     334.218
      43.200     334.264
      43.600     334.309
      44.000     334.354
      44.400     334.400
      44.800     334.445
      45.200     334.491
      45.600     334.536
      46.000     334.581
      46.400     334.627
      46.800     334.672
      47.200     334.717
      47.600     334.763
      48.000     334.808
      48.400     334.853
      48.800     334.899
      49.200     334.944
      49.600     334.989
      50.000     335.035
      50.400     335.080
      50.800     335.125
      51.200     335.171
      51.600     335.216
      52.000     335.262
      52.400     335.307
      52.800     335.352
      53.200     335.398
      53.600     335.443
      54.000     335.488
      54.400     335.534
      54.800     335.579
      55.200     335.624
      55.600     335.670
      56.000     335.715
      56.400     335.760
      56.800     335.806
      57.200     335.851
      57.600     335.897
      58.000     335.942
      58.400     335.987
      58.800     336.033
      59.200     336.078
      59.600     336.123
      60.000     336.169
      60.400     336.214
      60.800     336.259
      61.200     336.305
      61.600     336.350
      62.000     336.395
      62.400     336.441
      62.800     336.486
      63.200     336.531
      63.600     336.577
      64.000     336.622
      64.400     336.668
      64.800     336.713
      65.200     336.758
      65.600     336.804
      66.000     336.849
      66.400     336.894
      66.800     336.940
      67.200     336.985
      67.600     337.030
      68.000     337.076
      68.400     337.121
      68.800     337.166
      69.200     337.212
      69.600     337.257
      70.000     337.302
      70.400     337.348
      70.800     337.393
      71.200     337.439
      71.600     337.484
      72.000     337.529
      72.400     337.575
      72.800     337.620
      73.200     337.665
      73.600     337.711
      74.000     337.756
      74.400     337.801
      74.800     337.847
      75.200     337.892
      75.600     337.937
      76.000     337.983
      76.400     338.028
      76.800     338.074
      77.200     338.119
      77.600     338.164
      78.000     338.210
      78.400     338.255
      78.800     338.300
      79.200     338.346
      79.600     338.391
      80.000     338.436
      80.400     338.482
      80.800     338.527
      81.200     338.572
      81.600     338.618
      82.000     338.663
      82.400     338.708
      82.800     338.754
      83.200     338.799
      83.600     338.845
      84.000     338.890
      84.400     338.935
      84.800     338.981
      85.200     339.026
      85.600     339.071
      86.000     339.117
      86.400     339.162
      86.800     339.207
      87.200     339.253
      87.600     339.298
      88.000     339.343
      88.400     339.389
      88.800     339.434
      89.200     339.480
      89.600     339.525
      90.000     339.570
      90.400     338.538
      90.800     337.515
      91.200     336.493
      91.600     335.471
      92.000     334.449
      92.400     333.426
      92.800     332.404
      93.200     331.382
      93.600     330.359
      94.000     329.337
      94.400     328.315
      94.800     327.293
      95.200     326.270
      95.600     325.248
      96.000     324.226
      96.400     323.203
      96.800     322.181
      97.200     321.159
      97.600     320.137
      98.000     319.114
      98.400     318.092
      98.800     317.070
      99.200     316.047
      99.600     315.025
     100.000     314.003
     100.400     312.981
     100.800     311.958
     101.200     310.936
     101.600     309.914
     102.000     308.891
     102.400     307.869
     102.800     306.847
     103.200     305.825
     103.600     304.802
     104.000     303.780
     104.400     302.758
     104.800     301.735
     105.200     300.713
     105.600     299.691
     106.000     298.669
     106.400     297.646
     106.800     296.624
     107.200     295.602
     107.600     294.579
     108.000     293.557
     108.400     292.535
     108.800     291.513
     109.200     290.490
     109.600     289.468
     110.000     288.446
     110.400     287.423
     110.800     286.401
     111.200     285.379
     111.600     284.357
     112.000     283.334
     112.400     283.376
     112.800     283.424
     113.200     283.471
     113.600     283.518
