 iopt=[  2  1  0  0  0  0  1  3  0  0  0  1  1  1  0  1  0  0  1  1  0  0  0  0  0  0  0  0  0 11  0  0  0  0  0  0  0  0  0  0
];
 nplot_c= 1;
 npx( 1)=   51;
 npy( 1)=   51;
 yp( 1,:)='linspace(    1470.000000,    1490.000000,  51)';
 xp( 1,:)='linspace(    1490.000000,    1510.000000,  51)';
 ncx( 1)=   20;
title_x( 1,:)='Sound speed in Water                    ';
 ncy( 1)=   20;
title_y( 1,:)='Sound speed in Water                    ';
