 iopt=[  2  3  0  0  4  0  1  0  0  1  0  1  0  1  0  0  1  0  1  0  0  0  0  0  0  0  0  0  0  9];
nplots=    5;
nphone=   61;
 plaxis(:,  1)=[       0.000000       0.040000      80.000000      20.000000]';
 plaxis(:,  2)=[       0.000000       0.030000      80.000000      20.000000]';
 plaxis(:,  3)=[       0.000000       0.040000      80.000000      20.000000]';
 plaxis(:,  4)=[       0.000000       0.040000      80.000000      20.000000]';
 plaxis(:,  5)=[       0.000000       0.030000      80.000000      20.000000]';
   npdpsamp( 1)=       128;
 nparm=   9;
 f_min( 1)=   0.150000E+04;
 f_max( 1)=   0.160000E+04;
par2phy( 1)= 11;
   npdpsamp( 2)=       128;
 f_min( 2)=   0.100000E+01;
 f_max( 2)=   0.100000E+03;
par2phy( 2)= 11;
   npdpsamp( 3)=       128;
 f_min( 3)=   0.100000E+01;
 f_max( 3)=   0.100000E+03;
par2phy( 3)= 11;
   npdpsamp( 4)=       128;
 f_min( 4)=   0.100000E+01;
 f_max( 4)=   0.100000E+03;
par2phy( 4)= 11;
   npdpsamp( 5)=       128;
 f_min( 5)=   0.100000E+02;
 f_max( 5)=   0.400000E+03;
par2phy( 5)= 11;
   npdpsamp( 6)=       128;
 f_min( 6)=   0.120000E+01;
 f_max( 6)=   0.160000E+01;
par2phy( 6)=  3;
   npdpsamp( 7)=       128;
 f_min( 7)=   0.100000E-01;
 f_max( 7)=   0.500000E+00;
par2phy( 7)=  4;
   npdpsamp( 8)=       128;
 f_min( 8)=   0.100000E+03;
 f_max( 8)=   0.200000E+03;
par2phy( 8)= 12;
   npdpsamp( 9)=       128;
 f_min( 9)=   0.100000E+03;
 f_max( 9)=   0.200000E+03;
par2phy( 9)= 12;
  res=[ 
       1537.008          0.143
          5.677          0.163
          8.795          0.114
         68.819          0.183
        212.677          0.157
          1.528          0.316
          0.230          0.189
        105.512          0.011
        159.843          0.020
  ]; 
  bestfit=    3.41870E-02;
