 iopt=[  2  3  0  0  4  0  1  0  0  1  0  1  0  1  0  0  1  0  0  0  0  0  0  0  0  0  0  0  0  9];
nplots=    1;
nphone=   61;
 plaxis(:,  1)=[       0.000000       0.060000      80.000000      20.000000]';
   npdpsamp( 1)=       128;
 nparm=  13;
 f_min( 1)=   0.150000E+04;
 f_max( 1)=   0.160000E+04;
par2phy( 1)= 11;
   npdpsamp( 2)=       128;
 f_min( 2)=   0.100000E+01;
 f_max( 2)=   0.150000E+03;
par2phy( 2)= 11;
   npdpsamp( 3)=       128;
 f_min( 3)=   0.100000E+01;
 f_max( 3)=   0.150000E+03;
par2phy( 3)= 11;
   npdpsamp( 4)=       128;
 f_min( 4)=   0.100000E+02;
 f_max( 4)=   0.400000E+03;
par2phy( 4)= 11;
   npdpsamp( 5)=       128;
 f_min( 5)=   0.200000E+01;
 f_max( 5)=   0.100000E+02;
par2phy( 5)= 11;
   npdpsamp( 6)=       128;
 f_min( 6)=   0.200000E+01;
 f_max( 6)=   0.200000E+02;
par2phy( 6)= 11;
   npdpsamp( 7)=       128;
 f_min( 7)=   0.200000E+01;
 f_max( 7)=   0.300000E+02;
par2phy( 7)= 11;
   npdpsamp( 8)=       128;
 f_min( 8)=   0.120000E+01;
 f_max( 8)=   0.180000E+01;
par2phy( 8)= 11;
   npdpsamp( 9)=       128;
 f_min( 9)=   0.160000E+01;
 f_max( 9)=   0.240000E+01;
par2phy( 9)=  3;
   npdpsamp(10)=       128;
 f_min(10)=   0.100000E-01;
 f_max(10)=   0.500000E+00;
par2phy(10)= 11;
   npdpsamp(11)=       128;
 f_min(11)=   0.100000E-01;
 f_max(11)=   0.200000E+00;
par2phy(11)= 11;
   npdpsamp(12)=       128;
 f_min(12)=   0.890000E+02;
 f_max(12)=   0.910000E+02;
par2phy(12)= 12;
   npdpsamp(13)=       128;
 f_min(13)=   0.149000E+03;
 f_max(13)=   0.151000E+03;
par2phy(13)= 12;
  res=[ 
       1506.299          0.035
        140.614          0.061
        107.764          0.198
         74.488          0.131
          3.890          0.025
          2.000          0.320
         29.559          0.168
          1.550          0.177
          1.600          0.262
          0.099          0.126
          0.095          0.219
         89.787          0.106
        150.685          0.196
  ]; 
  bestfit=   2.647328E-02 ;
