 iopt=[  2  3  0  0  4  0  1  0  0  1  0  1  0  1  0  0  0  0  0  0  0  0  0  0  0  0  0  0  0  7];
nplots=   96;
nphone=  100;
 plaxis(:,  1)=[       0.000000       0.030000     100.000000       0.000000]';
 plaxis(:,  2)=[       0.000000       0.016000     100.000000       0.000000]';
 plaxis(:,  3)=[       0.000000       0.014000     100.000000       0.000000]';
 plaxis(:,  4)=[       0.000000       0.018000     100.000000       0.000000]';
 plaxis(:,  5)=[       0.000000       0.016000     100.000000       0.000000]';
 plaxis(:,  6)=[       0.000000       0.030000     100.000000       0.000000]';
 plaxis(:,  7)=[       0.000000       0.022000     100.000000       0.000000]';
 plaxis(:,  8)=[       0.000000       0.016000     100.000000       0.000000]';
 plaxis(:,  9)=[       0.000000       0.020000     100.000000       0.000000]';
 plaxis(:, 10)=[       0.000000       0.030000     100.000000       0.000000]';
 plaxis(:, 11)=[       0.000000       0.016000     100.000000       0.000000]';
 plaxis(:, 12)=[       0.000000       0.030000     100.000000       0.000000]';
 plaxis(:, 13)=[       0.000000       0.030000     100.000000       0.000000]';
 plaxis(:, 14)=[       0.000000       0.018000     100.000000       0.000000]';
 plaxis(:, 15)=[       0.000000       0.018000     100.000000       0.000000]';
 plaxis(:, 16)=[       0.000000       0.018000     100.000000       0.000000]';
 plaxis(:, 17)=[       0.000000       0.030000     100.000000       0.000000]';
 plaxis(:, 18)=[       0.000000       0.022000     100.000000       0.000000]';
 plaxis(:, 19)=[       0.000000       0.016000     100.000000       0.000000]';
 plaxis(:, 20)=[       0.000000       0.018000     100.000000       0.000000]';
 plaxis(:, 21)=[       0.000000       0.030000     100.000000       0.000000]';
 plaxis(:, 22)=[       0.000000       0.030000     100.000000       0.000000]';
 plaxis(:, 23)=[       0.000000       0.016000     100.000000       0.000000]';
 plaxis(:, 24)=[       0.000000       0.016000     100.000000       0.000000]';
 plaxis(:, 25)=[       0.000000       0.020000     100.000000       0.000000]';
 plaxis(:, 26)=[       0.000000       0.020000     100.000000       0.000000]';
 plaxis(:, 27)=[       0.000000       0.030000     100.000000       0.000000]';
 plaxis(:, 28)=[       0.000000       0.018000     100.000000       0.000000]';
 plaxis(:, 29)=[       0.000000       0.020000     100.000000       0.000000]';
 plaxis(:, 30)=[       0.002000       0.018000     100.000000       0.000000]';
 plaxis(:, 31)=[       0.000000       0.030000     100.000000       0.000000]';
 plaxis(:, 32)=[       0.000000       0.030000     100.000000       0.000000]';
 plaxis(:, 33)=[       0.000000       0.030000     100.000000       0.000000]';
 plaxis(:, 34)=[       0.002000       0.022000     100.000000       0.000000]';
 plaxis(:, 35)=[       0.000000       0.030000     100.000000       0.000000]';
 plaxis(:, 36)=[       0.000000       0.022000     100.000000       0.000000]';
 plaxis(:, 37)=[       0.000000       0.022000     100.000000       0.000000]';
 plaxis(:, 38)=[       0.000000       0.018000     100.000000       0.000000]';
 plaxis(:, 39)=[       0.000000       0.030000     100.000000       0.000000]';
 plaxis(:, 40)=[       0.000000       0.020000     100.000000       0.000000]';
 plaxis(:, 41)=[       0.000000       0.030000     100.000000       0.000000]';
 plaxis(:, 42)=[       0.000000       0.020000     100.000000       0.000000]';
 plaxis(:, 43)=[       0.000000       0.030000     100.000000       0.000000]';
 plaxis(:, 44)=[       0.000000       0.018000     100.000000       0.000000]';
 plaxis(:, 45)=[       0.000000       0.018000     100.000000       0.000000]';
 plaxis(:, 46)=[       0.000000       0.018000     100.000000       0.000000]';
 plaxis(:, 47)=[       0.000000       0.030000     100.000000       0.000000]';
 plaxis(:, 48)=[       0.000000       0.030000     100.000000       0.000000]';
 plaxis(:, 49)=[       0.002000       0.018000     100.000000       0.000000]';
 plaxis(:, 50)=[       0.000000       0.020000     100.000000       0.000000]';
 plaxis(:, 51)=[       0.000000       0.030000     100.000000       0.000000]';
 plaxis(:, 52)=[       0.000000       0.018000     100.000000       0.000000]';
 plaxis(:, 53)=[       0.000000       0.030000     100.000000       0.000000]';
 plaxis(:, 54)=[       0.000000       0.020000     100.000000       0.000000]';
 plaxis(:, 55)=[       0.002000       0.022000     100.000000       0.000000]';
 plaxis(:, 56)=[       0.000000       0.030000     100.000000       0.000000]';
 plaxis(:, 57)=[       0.000000       0.022000     100.000000       0.000000]';
 plaxis(:, 58)=[       0.000000       0.022000     100.000000       0.000000]';
 plaxis(:, 59)=[       0.000000       0.018000     100.000000       0.000000]';
 plaxis(:, 60)=[       0.000000       0.030000     100.000000       0.000000]';
 plaxis(:, 61)=[       0.000000       0.020000     100.000000       0.000000]';
 plaxis(:, 62)=[       0.000000       0.030000     100.000000       0.000000]';
 plaxis(:, 63)=[       0.000000       0.030000     100.000000       0.000000]';
 plaxis(:, 64)=[       0.000000       0.020000     100.000000       0.000000]';
 plaxis(:, 65)=[       0.000000       0.020000     100.000000       0.000000]';
 plaxis(:, 66)=[       0.000000       0.018000     100.000000       0.000000]';
 plaxis(:, 67)=[       0.000000       0.030000     100.000000       0.000000]';
 plaxis(:, 68)=[       0.000000       0.040000     100.000000       0.000000]';
 plaxis(:, 69)=[       0.000000       0.030000     100.000000       0.000000]';
 plaxis(:, 70)=[       0.000000       0.030000     100.000000       0.000000]';
 plaxis(:, 71)=[       0.000000       0.030000     100.000000       0.000000]';
 plaxis(:, 72)=[       0.000000       0.030000     100.000000       0.000000]';
 plaxis(:, 73)=[       0.002000       0.018000     100.000000       0.000000]';
 plaxis(:, 74)=[       0.000000       0.022000     100.000000       0.000000]';
 plaxis(:, 75)=[       0.000000       0.030000     100.000000       0.000000]';
 plaxis(:, 76)=[       0.000000       0.020000     100.000000       0.000000]';
 plaxis(:, 77)=[       0.002000       0.022000     100.000000       0.000000]';
 plaxis(:, 78)=[       0.000000       0.030000     100.000000       0.000000]';
 plaxis(:, 79)=[       0.000000       0.030000     100.000000       0.000000]';
 plaxis(:, 80)=[       0.000000       0.040000     100.000000       0.000000]';
 plaxis(:, 81)=[       0.000000       0.040000     100.000000       0.000000]';
 plaxis(:, 82)=[       0.000000       0.030000     100.000000       0.000000]';
 plaxis(:, 83)=[       0.000000       0.030000     100.000000       0.000000]';
 plaxis(:, 84)=[       0.000000       0.030000     100.000000       0.000000]';
 plaxis(:, 85)=[       0.000000       0.030000     100.000000       0.000000]';
 plaxis(:, 86)=[       0.000000       0.030000     100.000000       0.000000]';
 plaxis(:, 87)=[       0.000000       0.030000     100.000000       0.000000]';
 plaxis(:, 88)=[       0.000000       0.030000     100.000000       0.000000]';
 plaxis(:, 89)=[       0.000000       0.040000     100.000000       0.000000]';
 plaxis(:, 90)=[       0.000000       0.050000     100.000000       0.000000]';
 plaxis(:, 91)=[       0.000000       0.030000     100.000000       0.000000]';
 plaxis(:, 92)=[       0.000000       0.022000     100.000000       0.000000]';
 plaxis(:, 93)=[       0.000000       0.030000     100.000000       0.000000]';
 plaxis(:, 94)=[       0.000000       0.030000     100.000000       0.000000]';
 plaxis(:, 95)=[       0.000000       0.030000     100.000000       0.000000]';
 plaxis(:, 96)=[       0.000000       0.030000     100.000000       0.000000]';
   npdpsamp( 1)=       128;
 nparm=   9;
 f_min( 1)=   0.500000E+01;
 f_max( 1)=   0.540000E+01;
