nplots=    1;
nphone=  176;
 plaxis(:,  1)=[      20.000000     200.000000    -100.000000     -50.000000]';
   npdpsamp( 1)=       128;
 nparm=   9;
 f_min( 1)=   0.500000E+01;
 f_max( 1)=   0.540000E+01;
par2phy( 1)=  9;
   npdpsamp( 2)=       128;
 f_min( 2)=   0.100000E+02;
 f_max( 2)=   0.300000E+02;
par2phy( 2)=  8;
   npdpsamp( 3)=       128;
 f_min( 3)=   0.100000E+03;
 f_max( 3)=   0.120000E+03;
par2phy( 3)=  1;
   npdpsamp( 4)=       128;
 f_min( 4)=   0.100000E+02;
 f_max( 4)=   0.500000E+02;
par2phy( 4)= 17;
   npdpsamp( 5)=       128;
 f_min( 5)=   0.150000E+04;
 f_max( 5)=   0.160000E+04;
par2phy( 5)=  3;
   npdpsamp( 6)=       128;
 f_min( 6)=   0.155000E+04;
 f_max( 6)=   0.175000E+04;
par2phy( 6)=  3;
   npdpsamp( 7)=       128;
 f_min( 7)=   0.160000E+04;
 f_max( 7)=   0.180000E+04;
par2phy( 7)= 12;
   npdpsamp( 8)=       128;
 f_min( 8)=   0.140000E+01;
 f_max( 8)=   0.185000E+01;
par2phy( 8)=  6;
   npdpsamp( 9)=       128;
 f_min( 9)=   0.160000E+01;
 f_max( 9)=   0.200000E+01;
par2phy( 9)= 14;
 iopt=[ 2 3 0 0 5 0 1 0 0 1 0 1 0 1 0 0 0 0 0 0 0 0 0 0 0 0 0 0 0 7];
