 crb =[
     137.255   0.723981    5.59438
     174.510   0.822654    5.68910
     211.765   0.807608    7.62593
     249.020   0.836332    12.7340
     286.275   0.838575    15.1566
     323.529   0.829751    16.3660
     360.784   0.821013    18.9561
     398.039   0.814765    19.4940
     435.294   0.811975    18.1147
     472.549   0.817138    14.2466
     509.804   0.826369    14.1478
     547.059   0.829708    13.5719
     584.314   0.816263    8.14337
     621.569   0.801615    11.4744
     658.824   0.805809    18.7387
     696.078   0.808591    16.5463
     733.333   0.812551    16.2073
     770.588   0.817119    19.1355
     807.843   0.820119    16.6863
     845.098   0.829935    7.72100
     882.353   0.849826    13.3131
     919.608   0.843362    22.9806
     956.863   0.833137    19.5182
     994.118   0.821636    16.8526
     1031.37   0.811819    18.3507
     1068.63   0.806444    21.3529
     1105.88   0.806002    14.8540
     1143.14   0.815313    11.9011
     1180.39   0.824378    12.9033
     1217.65   0.818875    9.89782
     1254.90   0.801889   10.35577
     1292.16   0.803294    19.0610
     1329.41   0.808013    18.8870
     1366.67   0.813967    16.9267
     1403.92   0.821290    19.5980
     1441.18   0.827816    21.8133
     1478.43   0.835575    14.9303
     1515.69   0.854829    7.93300
     1552.94   0.842122    17.3750
     1590.20   0.829378    19.2972
     1627.45   0.818502    16.2174
     1664.71   0.809123    16.8783
     1701.96   0.803843    22.3460
     1739.22   0.800340    18.1055
     1776.47   0.805145    11.2758
     1813.73   0.820956    11.9632
     1850.98   0.824917    11.6773
     1888.24   0.812524   10.38527
     1925.49   0.805920    16.8131
     1962.75   0.809081    21.4616
 ];
 crb =[
   137.2549      0.7239814       5.594382    
   174.5098      0.8226543       5.689102    
   211.7647      0.8076084       7.625908    
   249.0196      0.8363323       12.73397    
   286.2745      0.8385752       15.15665    
   323.5294      0.8297513       16.36601    
   360.7843      0.8210134       18.95604    
   398.0392      0.8147647       19.49395    
   435.2941      0.8119753       18.11469    
   472.5490      0.8171378       14.24658    
   509.8039      0.8263692       14.14779    
   547.0588      0.8297083       13.57197    
   584.3137      0.8162634       8.143371    
   621.5686      0.8016147       11.47437    
   658.8235      0.8058096       18.73869    
   696.0784      0.8085905       16.54627    
   733.3333      0.8125511       16.20732    
   770.5883      0.8171187       19.13559    
   807.8431      0.8201191       16.68627    
   845.0980      0.8299354       7.720999    
   882.3530      0.8498261       13.31306    
   919.6078      0.8433622       22.98064    
   956.8627      0.8331367       19.51819    
   994.1177      0.8216361       16.85260    
   1031.373      0.8118195       18.35064    
   1068.627      0.8064436       21.35295    
   1105.882      0.8060021       14.85397    
   1143.137      0.8153129       11.90113    
   1180.392      0.8243781       12.90328    
   1217.647      0.8188753       9.897808    
   1254.902      0.8018889       10.35577    
   1292.157      0.8032939       19.06103    
   1329.412      0.8080130       18.88699    
   1366.667      0.8139669       16.92662    
   1403.922      0.8212898       19.59801    
   1441.177      0.8278164       21.81325    
   1478.431      0.8355754       14.93027    
   1515.686      0.8548293       7.933003    
   1552.941      0.8421217       17.37492    
   1590.196      0.8293781       19.29720    
   1627.451      0.8185019       16.21739    
   1664.706      0.8091230       16.87831    
   1701.961      0.8038429       22.34600    
   1739.216      0.8003405       18.10550    
   1776.471      0.8051450       11.27585    
   1813.725      0.8209562       11.96325    
   1850.980      0.8249173       11.67726    
   1888.235      0.8125238       10.38526    
   1925.490      0.8059198       16.81311    
   1962.745      0.8090813       21.46169    
 ];
