 iopt=[  2  1  0  2  0  0  1  0  0  0  1  0  1  1  0  0  0  0  0  0  1  1  0  0  0  0  0  0  0  0  0  0  0  0  0  0  0  0  0  0
];
  crb= [
     280.       -0.710    
   -0.710         12.7    
  ];
theta=[  1000.000    10.000
  ];
