 iopt=[  2  3  0  4  5  0  1  0  0  0  0  0  0  1  0  0  1  0  0  0  0  0  0  0  0  0  0  0  0  1];
nparm=  10; % number of parameters
nppd=  50; % number of values/parm 
e_stop=  0.500000E-01             ;
 f_min( 1)=   0.586000E+02;
 f_max( 1)=   0.606000E+02;
par2phy( 1)=  8;
 f_min( 2)=   0.625000E+02;
 f_max( 2)=   0.635000E+02;
par2phy( 2)= 15;
 f_min( 3)=   0.114300E+03;
 f_max( 3)=   0.116300E+03;
par2phy( 3)=  1;
 f_min( 4)=  -0.920000E+02;
 f_max( 4)=  -0.870000E+02;
par2phy( 4)= 21;
 f_min( 5)=   0.600000E+00;
 f_max( 5)=   0.260000E+01;
par2phy( 5)= 21;
 f_min( 6)=   0.100000E+01;
 f_max( 6)=   0.200000E+01;
par2phy( 6)=  6;
 f_min( 7)=   0.150000E+04;
 f_max( 7)=   0.160000E+04;
par2phy( 7)= 11;
 f_min( 8)=   0.100000E+02;
 f_max( 8)=   0.150000E+03;
par2phy( 8)= 11;
 f_min( 9)=   0.000000E+00;
 f_max( 9)=   0.100000E+01;
par2phy( 9)=  4;
 f_min(10)=   0.746000E+03;
 f_max(10)=   0.756000E+03;
par2phy(10)=  9;
ppd=[
  0.128175E-02  0.180169E-01   0.00000      0.138889E-04  0.118472E-01   0.00000       0.00000      0.257936E-04  0.493810E-01   0.00000    
  0.178274E-02  0.178313E-01   0.00000      0.158730E-04  0.127163E-01   0.00000       0.00000      0.347222E-04  0.641111E-01   0.00000    
  0.200694E-02  0.183046E-01   0.00000       0.00000      0.126706E-01   0.00000       0.00000      0.128968E-04  0.752252E-01   0.00000    
  0.283234E-02  0.192222E-01   0.00000       0.00000      0.142431E-01  0.892857E-05   0.00000      0.486111E-04  0.806379E-01   0.00000    
  0.385218E-02  0.193730E-01   0.00000       0.00000      0.143085E-01   0.00000       0.00000      0.188492E-04  0.851171E-01   0.00000    
  0.480655E-02  0.194821E-01   0.00000       0.00000      0.147470E-01  0.168651E-04   0.00000      0.486111E-04  0.881815E-01   0.00000    
  0.632242E-02  0.188790E-01   0.00000      0.575397E-04  0.163313E-01  0.138889E-04   0.00000      0.753968E-04  0.921290E-01   0.00000    
  0.778869E-02  0.193353E-01   0.00000      0.414683E-03  0.166905E-01   0.00000       0.00000      0.163690E-03  0.854107E-01   0.00000    
  0.958631E-02  0.201111E-01   0.00000      0.338294E-02  0.170129E-01  0.694444E-05   0.00000      0.317460E-03  0.790694E-01   0.00000    
  0.113046E-01  0.201190E-01   0.00000      0.117212E-01  0.168264E-01  0.307540E-04   0.00000      0.342262E-03  0.674008E-01   0.00000    
  0.138373E-01  0.202083E-01  0.109127E-04  0.314812E-01  0.174504E-01  0.347222E-04   0.00000      0.504960E-03  0.571935E-01   0.00000    
  0.158552E-01  0.196280E-01  0.188492E-04  0.657758E-01  0.184702E-01  0.476190E-04   0.00000      0.758929E-03  0.461101E-01   0.00000    
  0.189196E-01  0.204444E-01  0.625000E-04  0.118289      0.194583E-01  0.654762E-04   0.00000      0.136905E-02  0.352708E-01   0.00000    
  0.210556E-01  0.213075E-01  0.436508E-04  0.165979      0.194286E-01  0.128968E-03   0.00000      0.177877E-02  0.258750E-01   0.00000    
  0.244702E-01  0.209355E-01  0.100198E-03  0.193635      0.209534E-01  0.158730E-04  0.238095E-04  0.247917E-02  0.184792E-01   0.00000    
  0.278601E-01  0.209583E-01  0.245040E-03  0.180316      0.207421E-01  0.565476E-04  0.151786E-03  0.324405E-02  0.148075E-01   0.00000    
  0.322550E-01  0.206865E-01  0.557540E-03  0.130426      0.210129E-01  0.113095E-03  0.654762E-03  0.497024E-02  0.996230E-02   0.00000    
  0.350218E-01  0.219871E-01  0.101786E-02  0.669087E-01  0.211071E-01  0.137897E-03  0.138393E-02  0.872520E-02  0.740675E-02   0.00000    
  0.385516E-01  0.216865E-01  0.181349E-02  0.246131E-01  0.217133E-01  0.141865E-03  0.149802E-02  0.125188E-01  0.527282E-02   0.00000    
  0.397450E-01  0.216567E-01  0.337103E-02  0.572718E-02  0.215536E-01  0.149802E-03  0.793651E-03  0.196855E-01  0.369444E-02   0.00000    
  0.413125E-01  0.222232E-01  0.606944E-02  0.114683E-02  0.223552E-01  0.230159E-03  0.498016E-03  0.277381E-01  0.233433E-02   0.00000    
  0.426935E-01  0.222837E-01  0.987599E-02  0.863095E-04  0.223343E-01  0.375992E-03  0.321429E-03  0.341210E-01  0.143552E-02  0.694444E-05
  0.440863E-01  0.216359E-01  0.150010E-01  0.992063E-05  0.227728E-01  0.365079E-03  0.152778E-03  0.409395E-01  0.109425E-02  0.558532E-03
  0.454931E-01  0.222123E-01  0.217728E-01   0.00000      0.230427E-01  0.555556E-03  0.259921E-03  0.521081E-01  0.939484E-03  0.403968E-02
  0.441696E-01  0.218403E-01  0.331736E-01   0.00000      0.223839E-01  0.845238E-03  0.448413E-03  0.513323E-01  0.730159E-03  0.395139E-01
  0.440526E-01  0.217302E-01  0.424692E-01   0.00000      0.232113E-01  0.113889E-02  0.147917E-02  0.462927E-01  0.607143E-03  0.155751    
  0.435982E-01  0.215397E-01  0.578442E-01   0.00000      0.236706E-01  0.138690E-02  0.336806E-02  0.427202E-01  0.356151E-03  0.337801    
  0.420982E-01  0.215278E-01  0.722490E-01   0.00000      0.236359E-01  0.187004E-02  0.686210E-02  0.416300E-01  0.281746E-03  0.292191    
  0.397619E-01  0.220645E-01  0.829048E-01   0.00000      0.234028E-01  0.218155E-02  0.120565E-01  0.390476E-01  0.214286E-03  0.138191    
  0.375327E-01  0.215645E-01  0.888274E-01   0.00000      0.236200E-01  0.320734E-02  0.245010E-01  0.354127E-01  0.185516E-03  0.293264E-01
  0.340337E-01  0.221131E-01  0.898294E-01   0.00000      0.228631E-01  0.411607E-02  0.360734E-01  0.316151E-01  0.167659E-03  0.243948E-02
  0.314772E-01  0.211825E-01  0.899077E-01   0.00000      0.231012E-01  0.533829E-02  0.518313E-01  0.309206E-01  0.126984E-03  0.180556E-03
  0.275575E-01  0.215863E-01  0.803909E-01   0.00000      0.228254E-01  0.665774E-02  0.616518E-01  0.288363E-01  0.137897E-03   0.00000    
  0.247589E-01  0.210268E-01  0.733254E-01   0.00000      0.230675E-01  0.804564E-02  0.659792E-01  0.282728E-01  0.714286E-04   0.00000    
  0.222867E-01  0.201300E-01  0.607917E-01   0.00000      0.232093E-01  0.972718E-02  0.720030E-01  0.286270E-01  0.654762E-04   0.00000    
  0.194802E-01  0.204514E-01  0.479712E-01   0.00000      0.228026E-01  0.131052E-01  0.771379E-01  0.271012E-01  0.406746E-04   0.00000    
  0.174375E-01  0.205228E-01  0.365387E-01   0.00000      0.224395E-01  0.162083E-01  0.826806E-01  0.288889E-01  0.456349E-04   0.00000    
  0.150933E-01  0.191488E-01  0.271508E-01   0.00000      0.222589E-01  0.193125E-01  0.835804E-01  0.273919E-01  0.128968E-04   0.00000    
  0.127808E-01  0.191181E-01  0.188601E-01   0.00000      0.215833E-01  0.241468E-01  0.814385E-01  0.255784E-01  0.654762E-04   0.00000    
  0.109097E-01  0.191736E-01  0.132103E-01   0.00000      0.223502E-01  0.284593E-01  0.883194E-01  0.256964E-01  0.287698E-04   0.00000    
  0.883036E-02  0.188125E-01  0.918651E-02   0.00000      0.206825E-01  0.350189E-01  0.843125E-01  0.267827E-01  0.128968E-04   0.00000    
  0.742956E-02  0.186746E-01  0.542956E-02   0.00000      0.213393E-01  0.421954E-01  0.634643E-01  0.277520E-01  0.257936E-04   0.00000    
  0.585913E-02  0.184911E-01  0.318056E-02   0.00000      0.208155E-01  0.499365E-01  0.347708E-01  0.247024E-01  0.456349E-04   0.00000    
  0.456349E-02  0.172996E-01  0.234325E-02   0.00000      0.193552E-01  0.577907E-01  0.192183E-01  0.234593E-01  0.426587E-04   0.00000    
  0.363591E-02  0.177490E-01  0.158631E-02   0.00000      0.202569E-01  0.682371E-01  0.117530E-01  0.230675E-01  0.476190E-04   0.00000    
  0.315377E-02  0.173046E-01  0.104663E-02   0.00000      0.190694E-01  0.878512E-01  0.868056E-02  0.227550E-01  0.327381E-04   0.00000    
  0.240377E-02  0.182530E-01  0.695436E-03   0.00000      0.185823E-01  0.100468      0.715278E-02  0.238889E-01  0.496032E-04   0.00000    
  0.185516E-02  0.173204E-01  0.673611E-03   0.00000      0.182093E-01  0.115437      0.651786E-02  0.250129E-01  0.307540E-04   0.00000    
  0.145635E-02  0.170645E-01  0.276786E-03   0.00000      0.182242E-01  0.136310      0.488095E-02  0.262659E-01  0.198413E-04   0.00000    
  0.106250E-02  0.157817E-01  0.176587E-03   0.00000      0.172510E-01  0.158513      0.410020E-02  0.249196E-01  0.148810E-04   0.00000    
];
