 iopt=[  2  3  0  4  5  0  1  0  0  0  0  0  0  1  0  0  1  0  0  0  0  0  0  0  0  0  0  0  0  1];
nparm=  10; % number of parameters
nppd=  50; % number of values/parm 
e_stop=  0.500000E-01             ;
 f_min( 1)=   0.586000E+02;
 f_max( 1)=   0.606000E+02;
par2phy( 1)=  8;
 f_min( 2)=   0.625000E+02;
 f_max( 2)=   0.635000E+02;
par2phy( 2)= 15;
 f_min( 3)=   0.114300E+03;
 f_max( 3)=   0.116300E+03;
par2phy( 3)=  1;
 f_min( 4)=  -0.920000E+02;
 f_max( 4)=  -0.870000E+02;
par2phy( 4)= 21;
 f_min( 5)=   0.600000E+00;
 f_max( 5)=   0.260000E+01;
par2phy( 5)= 21;
 f_min( 6)=   0.100000E+01;
 f_max( 6)=   0.200000E+01;
par2phy( 6)=  6;
 f_min( 7)=   0.150000E+04;
 f_max( 7)=   0.160000E+04;
par2phy( 7)= 11;
 f_min( 8)=   0.100000E+02;
 f_max( 8)=   0.150000E+03;
par2phy( 8)= 11;
 f_min( 9)=   0.000000E+00;
 f_max( 9)=   0.100000E+01;
par2phy( 9)=  4;
 f_min(10)=   0.746000E+00;
 f_max(10)=   0.756000E+00;
par2phy(10)=  9;
ppd=[
  0.136078E-02  0.178873E-01   0.00000       0.00000      0.122569E-01   0.00000       0.00000      0.245098E-04  0.464696E-01   0.00000    
  0.168627E-02  0.174863E-01   0.00000       0.00000      0.130324E-01   0.00000       0.00000      0.470588E-04  0.609137E-01   0.00000    
  0.224608E-02  0.177049E-01   0.00000       0.00000      0.131186E-01   0.00000       0.00000      0.215686E-04  0.729588E-01   0.00000    
  0.319412E-02  0.186961E-01   0.00000       0.00000      0.136412E-01  0.882353E-05   0.00000      0.303922E-04  0.796431E-01   0.00000    
  0.401569E-02  0.187382E-01   0.00000       0.00000      0.143000E-01   0.00000       0.00000      0.568627E-04  0.840294E-01   0.00000    
  0.471471E-02  0.186941E-01   0.00000       0.00000      0.150196E-01  0.166667E-04   0.00000      0.519608E-04  0.891235E-01  0.980392E-05
  0.613922E-02  0.187245E-01   0.00000      0.431373E-04  0.164363E-01  0.127451E-04   0.00000      0.921569E-04  0.917980E-01   0.00000    
  0.800098E-02  0.197333E-01   0.00000      0.499020E-03  0.169529E-01  0.686275E-05   0.00000      0.136275E-03  0.848422E-01   0.00000    
  0.960588E-02  0.202608E-01   0.00000      0.302255E-02  0.173294E-01  0.107843E-04   0.00000      0.318627E-03  0.778275E-01   0.00000    
  0.113971E-01  0.204794E-01   0.00000      0.114775E-01  0.170304E-01  0.490196E-05   0.00000      0.318627E-03  0.680225E-01   0.00000    
  0.141324E-01  0.197010E-01   0.00000      0.321010E-01  0.176059E-01  0.205882E-04   0.00000      0.725490E-03  0.584716E-01   0.00000    
  0.165814E-01  0.199549E-01  0.107843E-04  0.678588E-01  0.183510E-01  0.382353E-04   0.00000      0.910784E-03  0.471431E-01   0.00000    
  0.180706E-01  0.210725E-01  0.225490E-04  0.119954      0.192892E-01  0.107843E-04   0.00000      0.123137E-02  0.367588E-01   0.00000    
  0.206716E-01  0.209490E-01  0.372549E-04  0.165670      0.202196E-01  0.764706E-04   0.00000      0.164216E-02  0.271667E-01   0.00000    
  0.244706E-01  0.213667E-01  0.100000E-03  0.192361      0.203412E-01  0.156863E-04  0.225490E-04  0.227157E-02  0.193882E-01   0.00000    
  0.268686E-01  0.217971E-01  0.235294E-03  0.180289      0.198078E-01  0.137255E-04  0.901961E-04  0.314608E-02  0.157824E-01   0.00000    
  0.311245E-01  0.209333E-01  0.711765E-03  0.129520      0.203814E-01  0.104902E-03  0.292157E-03  0.540686E-02  0.106980E-01   0.00000    
  0.350735E-01  0.212451E-01  0.953922E-03  0.650127E-01  0.214118E-01  0.151961E-03  0.959804E-03  0.909804E-02  0.817059E-02   0.00000    
  0.378539E-01  0.214245E-01  0.194510E-02  0.246235E-01  0.213882E-01  0.120588E-03  0.118039E-02  0.131520E-01  0.556863E-02   0.00000    
  0.387833E-01  0.217716E-01  0.334314E-02  0.604412E-02  0.212902E-01  0.192157E-03  0.840196E-03  0.200412E-01  0.420882E-02   0.00000    
  0.415922E-01  0.215020E-01  0.581667E-02  0.138333E-02  0.221373E-01  0.220588E-03  0.415686E-03  0.286422E-01  0.280490E-02   0.00000    
  0.428598E-01  0.217510E-01  0.937745E-02  0.105882E-03  0.225314E-01  0.477451E-03  0.365686E-03  0.341902E-01  0.174020E-02  0.686275E-05
  0.435265E-01  0.216755E-01  0.153686E-01  0.225490E-04  0.233039E-01  0.449020E-03  0.128431E-03  0.408471E-01  0.141471E-02  0.451961E-03
  0.462402E-01  0.218696E-01  0.225382E-01  0.294118E-05  0.229363E-01  0.626471E-03  0.218627E-03  0.522686E-01  0.119804E-02  0.328333E-02
  0.438225E-01  0.213127E-01  0.325735E-01  0.980392E-05  0.226686E-01  0.954902E-03  0.486275E-03  0.516422E-01  0.840196E-03  0.368412E-01
  0.429118E-01  0.225127E-01  0.432804E-01   0.00000      0.228324E-01  0.110882E-02  0.155098E-02  0.455980E-01  0.580392E-03  0.153874    
  0.424108E-01  0.222029E-01  0.562539E-01   0.00000      0.238549E-01  0.127647E-02  0.336765E-02  0.426314E-01  0.354902E-03  0.334302    
  0.424353E-01  0.218382E-01  0.695167E-01   0.00000      0.237275E-01  0.202059E-02  0.722745E-02  0.413225E-01  0.300980E-03  0.301630    
  0.392618E-01  0.219353E-01  0.808520E-01   0.00000      0.231127E-01  0.213039E-02  0.124353E-01  0.379971E-01  0.169608E-03  0.138747    
  0.387490E-01  0.217598E-01  0.899912E-01   0.00000      0.241833E-01  0.302843E-02  0.253902E-01  0.352961E-01  0.152941E-03  0.271706E-01
  0.349608E-01  0.216912E-01  0.912755E-01   0.00000      0.237265E-01  0.384804E-02  0.374039E-01  0.320588E-01  0.194118E-03  0.330882E-02
  0.324137E-01  0.209069E-01  0.910088E-01   0.00000      0.231461E-01  0.508627E-02  0.523412E-01  0.310735E-01  0.168627E-03  0.374510E-03
  0.281775E-01  0.216549E-01  0.825814E-01   0.00000      0.233853E-01  0.659020E-02  0.629647E-01  0.292863E-01  0.146078E-03   0.00000    
  0.248157E-01  0.209931E-01  0.739510E-01   0.00000      0.227686E-01  0.772451E-02  0.667049E-01  0.279637E-01  0.852941E-04   0.00000    
  0.223608E-01  0.205157E-01  0.607529E-01   0.00000      0.227422E-01  0.102157E-01  0.735069E-01  0.276500E-01  0.431373E-04   0.00000    
  0.191745E-01  0.207784E-01  0.480774E-01   0.00000      0.233784E-01  0.126961E-01  0.764569E-01  0.270775E-01  0.343137E-04   0.00000    
  0.174961E-01  0.208382E-01  0.361176E-01   0.00000      0.221549E-01  0.152431E-01  0.821794E-01  0.285539E-01  0.686275E-04   0.00000    
  0.157373E-01  0.201176E-01  0.273137E-01   0.00000      0.224029E-01  0.186765E-01  0.832441E-01  0.278392E-01  0.529412E-04   0.00000    
  0.126627E-01  0.189971E-01  0.188814E-01   0.00000      0.211931E-01  0.238686E-01  0.795196E-01  0.255520E-01  0.101961E-03   0.00000    
  0.111843E-01  0.195863E-01  0.131627E-01   0.00000      0.216225E-01  0.280892E-01  0.876422E-01  0.251706E-01  0.950980E-04   0.00000    
  0.924020E-02  0.195265E-01  0.866176E-02   0.00000      0.203225E-01  0.339618E-01  0.829882E-01  0.264863E-01  0.519608E-04   0.00000    
  0.746667E-02  0.186873E-01  0.516667E-02   0.00000      0.209549E-01  0.416608E-01  0.629725E-01  0.276343E-01  0.764706E-04   0.00000    
  0.622353E-02  0.182520E-01  0.313333E-02   0.00000      0.212725E-01  0.489706E-01  0.346049E-01  0.253853E-01  0.676471E-04   0.00000    
  0.455294E-02  0.176696E-01  0.234412E-02   0.00000      0.190373E-01  0.594157E-01  0.195549E-01  0.238745E-01  0.539216E-04   0.00000    
  0.383137E-02  0.177333E-01  0.165098E-02   0.00000      0.192059E-01  0.697745E-01  0.122451E-01  0.234863E-01  0.313726E-04   0.00000    
  0.317255E-02  0.170529E-01  0.112451E-02   0.00000      0.196039E-01  0.877402E-01  0.866373E-02  0.224088E-01  0.313726E-04   0.00000    
  0.243039E-02  0.177686E-01  0.683333E-03   0.00000      0.188108E-01  0.102407      0.710882E-02  0.238559E-01  0.245098E-04   0.00000    
  0.182255E-02  0.169382E-01  0.651961E-03   0.00000      0.179686E-01  0.117220      0.585196E-02  0.250108E-01  0.529412E-04   0.00000    
  0.130882E-02  0.168471E-01  0.296078E-03   0.00000      0.179333E-01  0.136565      0.490980E-02  0.257608E-01  0.333333E-04   0.00000    
  0.116667E-02  0.164647E-01  0.236275E-03   0.00000      0.178775E-01  0.157148      0.416471E-02  0.247127E-01  0.441176E-04   0.00000    
];
