 iopt=[  2  1  0  0  7  0  1  0  0  1  0  1  0  1  0  0  0  0  1  0  0  0  0  0  0  0  0  0  0  9];
